1000 9887
930 166
661 581
275 448
854 329
573 121
218 231
72 597
458 326
232 30
473 467
276 618
433 131
281 980
691 589
985 424
570 594
705 825
605 768
198 478
83 618
799 864
1000 762
928 119
41 489
670 188
386 895
350 52
117 343
625 172
932 850
627 810
501 89
502 258
785 60
852 122
967 332
280 438
477 960
630 14
633 794
500 359
908 830
272 24
164 127
883 734
331 519
783 767
487 265
854 929
625 744
171 968
870 202
376 122
374 901
76 230
470 708
368 552
390 261
546 615
306 556
733 243
385 155
246 658
983 783
231 746
713 383
254 857
630 766
367 26
519 489
868 733
128 536
210 291
251 565
529 669
859 946
197 551
777 224
96 454
8 936
500 616
141 928
842 831
459 401
665 286
759 522
928 632
512 103
661 330
366 448
385 583
704 931
815 645
101 405
530 631
15 461
398 511
262 589
935 44
341 255
512 133
640 330
855 966
649 492
522 866
834 48
281 944
159 53
765 616
895 649
215 523
293 461
630 430
212 755
697 361
437 942
4 7
633 619
133 421
891 943
231 390
770 586
520 125
429 927
531 351
737 630
801 741
658 806
554 983
538 496
956 71
376 329
1 602
25 332
867 501
123 837
601 431
456 368
735 714
81 549
957 732
211 486
982 881
130 128
810 814
852 357
598 833
858 742
580 271
886 406
71 835
770 323
366 928
667 543
888 160
483 698
67 261
492 782
73 692
993 887
209 52
769 394
286 62
107 802
147 379
259 853
171 1
959 504
281 705
273 561
182 24
702 346
685 536
263 582
159 881
554 341
482 150
42 385
937 173
605 934
730 559
324 967
661 576
366 318
846 580
990 883
293 481
170 380
484 540
433 742
271 414
771 269
22 528
169 60
813 891
151 884
189 33
248 739
106 641
143 720
537 841
459 807
615 512
92 923
688 991
827 993
918 329
922 772
154 426
27 936
999 822
303 783
878 913
607 317
752 255
41 788
494 926
139 387
305 675
40 476
666 432
762 281
965 900
841 142
490 36
264 494
755 592
537 645
767 729
232 755
448 976
509 249
491 914
55 13
357 805
818 313
785 576
453 466
922 363
851 323
85 939
107 595
171 318
278 630
111 556
451 94
73 592
739 309
444 985
157 272
108 802
683 296
993 624
722 334
673 882
751 41
901 258
759 754
209 306
142 670
219 460
829 992
756 512
135 597
499 591
786 520
640 387
54 586
655 213
587 643
289 452
18 564
517 212
576 688
739 860
393 358
397 342
186 823
971 547
303 92
344 99
930 694
199 991
915 342
865 519
761 470
703 479
65 479
191 651
425 823
45 518
480 240
714 887
52 626
849 932
22 798
429 888
948 564
453 114
199 658
737 815
188 225
430 162
473 765
809 379
538 347
705 442
429 26
857 615
550 514
314 810
645 790
371 311
119 941
616 922
328 194
515 310
310 372
496 776
922 220
229 270
795 480
50 947
112 760
920 309
334 75
746 11
968 1
876 107
809 624
718 237
591 353
777 765
671 217
413 249
200 250
849 729
862 844
725 768
816 36
889 754
484 178
855 413
180 651
527 447
426 247
733 594
845 56
313 159
249 451
284 360
855 227
547 690
824 269
848 115
190 70
944 328
971 383
884 904
960 972
282 744
855 961
949 268
701 443
4 925
242 384
243 873
192 661
378 192
686 438
186 218
877 26
236 166
19 312
222 465
369 771
98 195
354 185
106 694
269 128
87 665
18 896
61 62
212 446
120 16
778 457
201 683
754 521
960 392
486 644
284 268
142 464
900 260
887 660
945 437
659 793
451 700
335 794
162 953
714 250
678 401
183 877
832 97
305 935
2 65
224 209
560 603
637 579
13 383
166 807
337 487
379 812
186 132
439 218
278 732
693 755
430 523
953 606
690 384
898 297
258 648
812 231
297 950
428 216
987 331
59 860
43 307
478 902
335 571
160 757
253 414
611 452
733 916
849 255
603 392
739 728
955 503
180 286
308 203
497 182
939 27
264 785
787 415
327 302
366 432
230 271
96 660
336 131
959 165
906 981
433 799
622 97
713 779
825 193
350 868
707 293
855 997
342 792
658 568
934 508
562 903
284 129
969 549
697 360
751 549
439 980
669 786
196 808
416 888
515 660
143 767
916 957
518 537
353 275
944 858
339 864
191 707
710 305
363 166
990 65
634 247
579 682
303 874
674 431
594 681
866 962
369 666
575 958
64 72
799 522
736 570
201 510
675 649
664 694
560 583
82 247
45 897
49 454
112 546
793 967
187 80
368 687
281 27
546 537
139 213
569 872
568 789
73 345
510 230
745 367
215 279
591 168
449 717
861 987
214 597
110 426
348 491
135 455
158 124
751 167
979 552
194 816
780 527
381 478
175 368
845 111
721 33
966 37
608 509
664 447
494 150
333 300
692 341
252 476
329 873
294 217
407 410
894 998
734 603
990 737
94 442
611 284
42 17
568 185
958 867
878 346
899 947
593 666
883 684
649 152
249 412
836 561
132 408
853 765
265 528
434 137
198 182
326 507
623 627
863 160
776 228
389 119
467 307
268 256
14 292
473 966
629 355
562 284
14 727
531 491
92 755
165 873
442 494
574 399
943 862
726 602
361 758
378 700
733 374
430 246
835 166
680 13
137 822
101 589
550 105
289 595
586 219
173 128
474 593
572 922
277 242
872 932
245 686
896 468
269 622
918 869
922 360
967 152
12 464
695 77
475 214
276 429
278 631
945 778
802 885
105 587
325 941
377 924
941 350
893 418
671 373
893 37
237 961
739 643
601 925
388 965
959 398
375 855
211 942
437 432
111 201
557 415
685 746
797 464
800 636
195 354
747 817
343 650
53 64
616 926
328 577
652 164
613 920
891 298
48 576
900 993
342 102
694 715
952 406
436 239
368 749
8 302
616 3
337 550
894 770
462 881
594 836
866 471
117 607
139 917
601 866
645 191
481 684
958 398
772 257
928 109
752 289
626 326
165 90
902 689
601 60
288 379
455 257
539 242
577 59
870 736
875 314
187 732
973 445
841 335
829 246
16 51
36 62
255 138
791 190
715 201
827 156
321 28
780 429
435 696
75 737
645 789
188 960
427 708
943 592
513 352
845 610
390 110
998 64
878 296
497 589
704 413
979 789
893 999
276 65
979 642
985 333
234 439
806 881
592 557
510 536
920 212
120 434
285 446
12 730
968 224
72 309
309 40
332 895
918 722
926 340
488 69
215 914
646 40
831 228
9 181
212 916
677 718
643 818
42 439
902 849
914 154
213 302
924 256
234 779
19 93
955 825
979 163
647 551
375 462
378 350
783 103
224 316
795 957
890 501
161 685
539 432
36 135
88 982
57 605
848 944
83 733
621 165
571 880
697 557
992 683
611 147
812 125
79 649
76 401
140 552
763 316
356 894
31 554
397 172
644 883
370 930
168 860
83 315
28 456
433 152
519 918
408 618
740 939
840 557
303 695
89 639
933 300
141 393
737 20
240 588
222 588
690 418
806 239
71 857
663 91
559 580
124 601
343 313
976 586
602 584
816 914
585 426
881 963
524 419
239 233
115 55
922 467
154 633
569 670
333 227
54 214
384 974
257 368
267 970
817 408
828 154
253 270
147 353
422 741
138 164
398 338
703 973
280 429
156 256
857 437
621 692
158 434
397 554
510 865
350 986
939 171
869 294
748 569
530 388
755 387
364 833
517 43
740 420
428 978
285 631
696 194
691 692
809 869
203 466
939 486
304 875
973 699
338 582
778 955
775 530
636 987
515 39
765 825
494 785
870 680
451 778
452 593
757 234
143 35
227 519
46 201
122 307
123 982
822 958
221 61
540 402
852 385
908 179
358 254
819 376
107 442
73 126
129 316
224 254
496 627
850 350
103 90
605 200
988 240
861 126
93 916
130 158
793 966
190 74
49 86
184 831
759 218
126 68
465 979
435 865
241 814
918 862
25 29
101 266
599 543
11 30
794 56
196 18
521 861
802 878
73 698
824 128
46 421
189 808
689 480
690 571
786 698
72 510
794 621
974 370
243 484
561 959
731 75
569 404
475 649
207 986
902 142
71 122
531 848
238 152
989 928
942 794
142 930
180 17
769 628
514 916
53 446
961 650
683 795
27 287
817 977
583 770
730 338
491 298
255 349
551 352
310 420
79 547
354 126
47 65
801 421
160 299
990 915
792 800
649 889
724 283
260 35
515 768
791 951
905 714
801 647
878 919
194 645
644 843
944 933
84 920
446 771
785 139
329 23
996 921
49 400
767 10
606 908
19 924
571 919
335 190
418 822
594 831
961 660
513 291
988 75
382 462
22 303
926 273
728 568
361 49
272 558
884 187
140 621
94 968
963 363
404 458
781 464
432 819
641 161
146 513
717 502
829 796
665 299
542 227
47 707
488 106
508 117
538 586
356 544
953 81
425 488
275 685
100 46
402 968
448 239
424 528
354 433
743 937
251 59
160 710
461 106
130 990
347 588
705 850
133 217
27 330
964 725
622 905
218 467
881 49
539 471
702 33
902 551
769 124
734 510
17 449
38 473
210 625
264 358
131 214
649 917
315 24
472 376
904 943
611 199
938 637
10 892
999 852
172 149
235 43
883 711
314 726
409 250
282 104
945 280
174 58
500 44
709 464
491 995
793 781
963 137
816 410
444 443
547 282
361 499
612 892
187 155
813 451
789 994
746 998
288 427
880 608
275 556
721 684
784 358
381 50
578 862
353 593
105 16
318 266
196 249
604 238
567 410
971 821
348 428
498 449
279 958
375 901
980 793
656 575
932 900
497 831
261 180
869 47
78 605
712 230
180 260
643 932
759 720
741 101
561 967
104 118
690 805
808 884
336 64
892 102
569 61
365 34
552 213
887 189
100 849
262 576
597 536
363 513
753 185
259 730
189 133
378 160
1000 366
907 778
566 525
861 691
308 309
237 377
238 946
905 317
523 762
84 284
766 784
911 883
787 693
825 502
421 451
939 522
833 3
493 561
973 871
896 930
144 839
473 573
292 455
724 450
317 884
671 581
486 789
141 166
41 850
887 519
528 364
381 518
208 16
110 60
934 636
317 598
249 768
809 347
947 451
392 230
887 805
893 680
805 626
132 944
850 157
461 861
875 754
290 164
309 760
715 845
42 965
12 409
736 347
552 702
807 478
59 862
595 768
644 582
278 493
732 447
73 622
149 864
208 259
956 336
63 143
539 26
396 798
665 739
81 420
624 529
565 890
364 525
773 269
406 878
647 356
850 624
433 908
105 447
204 53
620 837
872 848
834 924
617 276
358 810
574 970
208 847
542 356
807 832
167 481
958 500
529 985
814 952
805 367
813 788
799 172
820 364
571 814
773 850
788 308
140 337
415 729
131 46
407 933
839 870
622 530
753 737
771 478
477 33
583 349
253 538
434 852
553 154
865 152
918 874
296 909
461 621
178 337
455 895
962 933
586 165
664 551
258 328
940 876
228 686
889 876
319 96
451 329
179 758
927 8
280 863
671 125
323 771
604 432
111 864
349 555
116 202
140 586
824 651
589 437
2 615
223 651
663 638
357 113
17 894
570 98
789 964
404 422
405 971
320 809
262 972
923 898
543 341
176 269
587 813
767 651
574 565
918 667
759 747
30 974
543 762
964 333
802 416
474 209
919 859
691 1000
712 397
108 622
949 416
753 359
214 614
612 430
668 456
942 795
673 38
714 666
366 317
424 708
423 910
191 434
543 937
855 907
269 484
109 229
184 324
57 954
921 909
354 54
26 555
759 47
490 988
365 268
739 3
978 825
406 694
213 168
217 301
164 492
112 87
559 229
395 560
296 653
236 398
224 462
810 461
60 188
207 319
814 269
338 442
744 585
620 36
344 855
587 181
914 415
202 413
973 896
999 128
639 233
876 205
128 691
689 311
62 880
747 56
128 546
519 622
124 396
362 121
309 542
148 412
21 138
849 633
449 875
871 168
582 293
254 186
686 263
599 546
874 111
383 995
441 360
314 468
708 490
600 755
341 655
508 144
163 983
719 746
892 710
998 279
397 830
994 771
357 652
683 301
902 73
851 531
121 818
52 372
788 32
574 721
78 384
798 921
252 115
436 122
498 783
138 163
542 386
412 227
125 620
612 66
388 116
427 422
29 358
783 13
778 655
839 490
991 63
235 895
454 159
769 881
865 516
222 395
499 770
473 379
62 464
726 811
52 718
22 930
244 630
61 136
732 707
623 774
439 271
131 807
795 31
429 885
681 404
184 668
153 851
980 128
475 760
692 572
396 465
435 525
58 720
719 229
525 108
429 23
638 463
909 781
178 281
880 899
505 304
903 307
460 150
727 687
876 353
671 652
280 872
390 285
908 346
140 812
695 34
662 169
917 737
11 89
505 924
733 796
168 288
157 320
508 180
76 400
889 759
11 263
621 940
108 769
439 695
527 413
781 956
251 779
358 557
161 103
604 781
310 896
494 221
78 412
171 74
264 888
447 233
695 535
293 755
204 18
422 473
151 757
759 320
542 510
428 714
34 689
422 40
119 899
445 137
657 545
859 391
697 480
829 739
783 150
861 690
296 342
481 718
902 512
359 677
674 611
640 575
865 544
761 503
706 304
193 355
875 395
801 620
575 475
398 978
572 425
238 653
645 435
478 156
260 983
906 750
726 678
286 851
933 456
667 52
49 765
309 771
326 227
813 23
22 168
426 993
279 315
687 174
728 949
784 903
110 849
519 545
248 218
175 619
141 391
943 630
325 331
936 992
167 536
153 506
708 268
710 694
181 396
694 218
253 42
881 961
437 163
738 566
263 299
308 752
949 824
881 594
168 823
902 390
869 241
997 12
987 106
185 20
4 568
24 150
195 209
125 818
733 691
313 184
811 201
425 406
947 569
588 317
702 269
868 29
781 271
781 642
488 321
930 424
389 789
651 590
917 122
977 540
706 114
484 612
145 194
117 310
260 149
173 756
153 632
1 856
985 219
382 901
344 892
821 758
183 733
745 784
176 533
213 614
896 830
485 55
71 392
442 440
387 345
961 620
129 306
873 304
930 902
561 279
192 350
253 891
804 125
251 656
534 66
704 313
357 781
15 843
418 899
187 194
318 952
727 452
250 814
401 956
775 978
228 909
432 186
219 194
917 141
332 931
538 850
778 197
372 492
814 767
99 580
567 477
608 146
257 338
315 580
64 23
210 402
284 653
86 769
887 665
161 190
574 521
94 780
674 116
531 741
308 170
146 317
128 336
940 471
355 881
928 503
554 337
369 29
338 996
501 552
752 602
604 539
60 633
920 714
740 459
905 154
872 195
191 445
907 964
855 906
749 131
327 45
352 807
21 733
220 96
579 988
726 925
485 801
70 721
459 842
316 817
209 807
529 320
126 712
307 430
718 908
520 29
608 558
409 450
230 279
669 612
84 196
654 200
514 551
771 428
809 97
524 716
961 814
688 930
178 16
434 998
566 903
648 575
59 511
515 113
112 355
956 214
888 260
761 122
959 109
748 272
326 954
311 50
520 601
225 181
762 667
381 554
325 370
474 604
351 870
315 865
794 395
103 317
552 345
570 79
101 300
619 291
755 995
189 985
945 783
964 125
379 567
733 936
275 752
884 308
354 779
840 699
821 261
931 477
582 510
593 174
901 765
229 170
485 304
949 225
309 66
793 992
693 252
685 743
462 608
964 418
399 113
313 240
707 448
378 470
108 595
75 282
403 483
811 430
53 355
122 979
242 408
722 654
905 182
835 437
138 559
517 97
131 314
498 577
373 883
174 636
290 912
84 361
110 301
378 906
765 782
490 576
880 504
87 983
165 953
867 339
600 118
247 749
250 307
567 562
325 163
239 685
663 31
496 735
95 457
499 720
466 507
504 186
876 874
650 829
188 876
407 690
299 537
182 374
885 616
173 17
548 35
895 372
241 795
3 494
221 621
577 533
284 817
780 724
285 996
766 114
487 599
90 866
366 207
314 362
320 995
979 628
577 208
711 809
638 795
640 214
25 147
555 453
919 956
646 924
831 144
525 785
949 197
493 201
459 377
959 60
284 356
546 115
824 273
952 454
389 175
781 669
85 368
345 227
551 119
185 330
976 459
8 981
22 754
994 675
226 793
133 315
706 111
834 88
563 394
105 652
179 405
805 329
740 274
492 864
339 731
925 672
486 606
130 706
38 507
887 370
821 608
201 687
576 813
778 789
771 484
535 301
658 846
110 999
917 579
611 882
207 103
796 960
448 894
433 238
861 230
455 917
573 274
378 610
310 263
918 198
22 395
742 314
979 980
93 830
371 132
449 850
573 16
492 912
366 905
16 643
49 697
906 872
102 903
896 270
845 869
388 634
334 218
707 860
465 89
570 76
788 507
333 34
29 936
893 234
593 246
668 704
311 281
907 364
485 328
34 990
545 484
964 506
158 433
772 693
966 122
216 477
7 922
310 655
848 226
355 50
74 662
271 272
990 664
921 951
854 187
343 936
514 830
683 394
769 783
735 236
458 152
791 718
39 677
905 351
246 43
598 188
250 38
930 762
680 729
938 785
903 801
316 157
634 128
299 389
178 154
913 85
348 750
679 618
978 629
796 774
856 41
303 886
732 644
752 74
607 196
959 116
763 586
149 717
408 585
698 607
923 314
211 124
625 574
76 902
206 627
83 54
893 729
989 166
774 594
298 55
239 296
646 536
284 889
525 661
69 4
847 409
888 165
814 653
267 250
710 546
788 296
129 253
560 135
617 954
896 630
399 382
292 750
646 981
81 117
233 818
159 606
841 563
534 638
850 707
962 265
379 249
136 890
6 342
523 376
564 356
180 109
919 714
636 54
445 149
565 126
938 64
88 883
621 439
506 250
346 695
458 301
184 252
243 805
302 410
444 627
805 257
738 210
344 674
835 758
766 814
892 509
363 233
914 251
79 159
437 830
369 600
524 638
69 407
438 628
624 33
537 622
844 606
175 460
148 696
115 519
316 374
690 7
653 145
512 811
303 616
126 133
625 730
533 60
139 356
645 162
589 740
236 588
55 8
41 586
81 917
556 515
637 760
840 326
575 289
988 70
609 415
349 668
421 831
745 335
263 76
976 533
298 545
63 995
889 616
817 251
452 298
953 267
441 223
410 802
881 537
60 986
790 886
635 598
708 138
102 681
369 478
367 831
977 159
601 731
798 927
57 588
964 419
694 860
631 435
740 9
13 718
157 392
453 513
536 298
612 76
708 575
599 417
758 441
964 720
273 963
402 529
477 675
242 488
282 947
390 29
700 733
482 202
853 41
748 177
421 445
207 364
853 410
493 577
17 224
724 648
420 251
580 793
733 293
607 284
274 608
852 212
773 586
79 983
761 164
83 400
322 884
438 882
832 905
403 972
401 719
379 918
453 159
883 895
121 295
374 947
675 466
645 930
262 334
250 756
215 362
396 640
163 151
550 993
346 885
444 660
157 429
901 574
595 873
584 246
271 714
418 170
957 828
310 868
516 156
764 999
989 594
846 197
3 941
177 610
588 388
720 276
759 685
6 399
523 307
342 23
739 897
702 279
599 245
599 362
178 514
360 929
938 362
863 433
575 132
263 939
371 291
535 563
183 890
886 877
958 430
28 183
184 493
903 828
207 467
599 9
464 941
49 529
467 382
838 275
142 298
683 514
544 204
288 522
793 547
248 510
231 207
914 485
398 754
681 502
996 973
675 656
303 691
10 270
274 983
328 311
582 65
748 345
379 906
924 982
404 841
188 992
246 702
789 764
648 992
166 939
850 152
318 898
935 529
132 834
439 838
427 774
289 889
239 245
776 937
764 916
214 445
766 254
417 157
346 237
298 648
280 147
335 695
854 653
786 741
948 773
920 931
473 53
251 809
142 680
53 19
772 551
845 471
385 601
575 178
601 531
639 975
656 828
647 758
134 463
446 461
655 155
656 843
837 32
99 427
172 677
503 149
969 817
397 264
434 629
11 907
8 121
891 52
85 117
490 999
435 26
199 13
401 94
682 505
596 615
445 397
446 702
518 275
98 83
814 389
407 49
924 477
277 31
784 680
268 281
108 88
53 745
240 928
536 717
114 969
819 631
190 562
72 208
2 284
497 280
301 368
875 151
933 379
496 536
315 188
140 1
32 666
876 379
731 716
150 238
462 172
22 290
712 647
162 696
415 30
311 660
426 741
957 583
605 117
745 890
1 239
576 357
667 606
557 3
962 757
428 185
487 926
401 835
368 826
864 159
901 630
519 459
553 298
751 162
254 974
592 745
332 812
685 880
834 682
780 516
622 790
691 892
803 586
933 647
533 317
94 669
954 738
994 919
423 668
207 934
632 504
392 199
656 792
273 708
994 518
295 282
902 797
282 698
892 169
843 58
749 240
147 409
610 771
482 453
950 952
311 682
425 35
528 860
636 789
929 755
881 154
12 632
540 979
355 271
502 162
694 100
326 508
186 410
773 678
915 633
819 13
947 64
878 552
607 170
420 192
496 294
481 470
728 81
451 746
605 405
18 743
883 751
494 928
832 63
675 731
801 884
767 417
850 862
900 616
850 431
649 680
802 714
1 297
720 975
628 712
945 210
993 206
421 941
974 692
190 566
93 869
665 156
872 568
615 160
525 696
241 607
292 557
341 652
638 914
840 37
289 801
238 380
572 612
46 903
507 365
841 605
660 135
20 38
612 664
688 156
321 481
871 617
461 51
289 3
94 750
989 766
648 598
613 50
209 308
962 362
928 422
910 762
34 825
340 457
720 184
494 183
392 227
413 339
553 1000
146 430
773 211
613 788
173 903
134 407
194 418
161 299
146 449
481 566
942 933
139 904
162 978
105 662
373 881
86 350
471 784
437 992
654 59
126 292
937 5
460 662
446 961
640 884
980 28
853 266
511 362
286 645
861 879
153 848
282 116
525 24
31 851
178 389
897 593
71 594
496 544
371 396
409 158
73 58
439 52
862 762
538 212
442 225
153 114
686 68
714 309
222 740
831 734
854 789
174 395
735 572
877 783
676 969
181 437
96 211
263 179
675 51
788 370
127 574
558 348
745 187
581 837
965 422
489 373
254 951
665 410
902 409
923 990
763 687
716 579
938 453
21 367
925 201
854 721
575 153
670 167
86 958
930 272
215 798
953 113
518 491
960 851
262 693
108 689
143 82
934 379
368 270
721 270
579 888
698 911
910 496
605 1000
18 216
294 117
21 803
104 604
45 9
51 160
804 930
109 170
293 419
477 646
387 162
97 119
843 823
356 517
753 927
39 528
957 13
544 94
670 754
135 230
825 189
774 525
957 126
778 787
486 702
540 845
257 636
408 704
425 678
457 993
84 109
1000 814
909 76
801 835
785 198
255 196
679 678
629 471
546 813
808 584
505 257
775 955
182 417
379 669
918 85
939 970
457 900
358 166
2 970
645 884
302 397
374 924
582 209
34 475
332 724
679 282
957 915
245 609
968 468
440 525
332 555
538 960
266 137
927 188
641 451
881 236
57 260
292 613
132 722
244 350
797 704
444 808
67 447
713 497
860 352
77 74
914 76
944 139
449 739
391 640
450 348
521 407
935 716
103 779
335 168
898 871
539 855
949 72
816 691
527 431
910 349
802 378
507 224
968 590
317 383
483 75
263 889
949 362
199 127
62 141
502 980
584 909
219 284
199 12
91 655
735 238
421 18
616 382
579 626
620 286
431 201
790 512
886 249
502 246
434 110
889 308
401 765
410 715
784 824
676 510
307 373
739 342
874 435
729 332
306 135
629 427
519 121
547 946
583 494
452 892
789 411
240 542
22 58
903 487
547 329
415 25
107 866
724 823
325 300
793 122
408 152
816 309
365 528
182 94
521 832
813 152
651 197
766 136
769 18
517 549
579 500
172 838
297 931
868 990
413 477
733 660
424 938
132 379
522 47
890 741
981 650
565 971
397 585
74 982
25 545
350 955
226 765
407 400
32 430
312 910
647 618
476 740
743 870
138 665
541 200
75 46
481 267
761 993
691 424
286 908
895 904
397 13
18 962
222 34
210 602
523 344
356 684
50 499
142 483
810 457
435 388
899 117
793 538
847 331
98 342
502 508
196 703
862 396
455 974
426 932
98 713
53 185
999 24
88 463
590 554
681 350
754 956
150 139
728 799
345 957
89 811
96 89
370 600
21 603
634 713
429 465
379 746
529 931
527 378
969 164
236 429
520 698
261 552
771 211
688 488
732 93
272 547
423 260
923 836
28 739
546 281
50 744
508 172
142 616
720 524
572 613
851 97
464 202
929 368
547 929
841 604
393 979
730 844
125 774
509 679
475 891
39 90
774 11
958 884
137 470
820 893
507 74
906 505
897 508
919 539
845 414
795 649
759 376
924 979
319 779
225 267
570 983
700 778
293 684
521 137
43 829
502 882
998 855
303 263
481 565
61 249
947 784
485 753
143 287
244 126
904 125
673 288
450 763
971 7
19 402
652 602
523 802
85 164
70 953
98 24
83 692
356 832
982 756
400 234
482 810
47 326
221 463
518 773
106 68
727 837
608 563
708 375
809 380
866 887
743 223
211 54
379 936
947 490
343 717
897 705
258 413
899 897
358 10
326 564
991 802
893 880
770 403
239 354
612 968
409 825
599 706
28 981
245 575
59 841
300 437
29 657
175 919
91 472
443 410
261 302
64 784
968 230
971 697
879 16
773 387
756 333
648 73
152 499
172 782
395 645
398 376
661 318
534 548
132 428
613 85
1000 38
428 567
602 230
216 597
413 389
346 984
276 899
412 195
111 961
909 692
817 818
548 934
751 665
972 154
352 883
260 46
78 813
464 641
817 899
213 10
87 545
938 937
830 155
1000 738
782 94
913 221
805 455
330 953
23 398
546 344
268 375
30 850
127 298
701 7
973 866
857 825
933 500
990 255
442 561
780 361
601 316
514 413
736 533
960 173
583 261
415 407
608 735
130 5
131 868
499 350
390 723
492 693
286 384
801 940
343 721
361 934
232 562
819 512
959 718
167 532
419 287
828 673
85 876
645 482
15 529
327 995
600 96
384 85
993 983
315 719
478 905
949 772
953 321
185 175
392 463
873 250
820 535
254 547
742 980
730 772
218 80
626 885
261 156
96 572
460 53
8 654
731 402
199 344
221 800
220 917
199 485
688 495
705 315
406 589
834 8
431 490
53 420
882 828
167 412
596 754
248 864
1 601
198 306
18 76
807 716
991 115
374 19
13 839
749 445
640 543
623 612
126 319
94 114
386 859
808 914
105 911
294 707
210 518
230 717
771 453
496 651
204 724
321 592
583 344
400 65
478 414
693 909
361 684
403 401
898 115
109 467
376 47
50 784
953 673
680 167
510 4
480 477
210 74
780 194
853 916
106 11
453 486
646 543
25 231
297 778
543 173
885 248
90 519
197 993
898 260
334 138
301 835
31 366
586 531
91 403
594 6
580 53
943 920
379 412
821 301
868 45
556 78
777 911
261 358
292 769
281 600
409 531
815 550
68 880
217 602
375 198
816 576
972 798
265 204
513 822
811 41
460 89
457 873
119 244
136 877
402 990
111 400
26 786
651 529
284 478
657 604
929 919
752 606
442 962
51 304
523 603
327 41
311 676
352 827
750 242
283 933
839 402
571 976
454 180
950 809
5 694
8 230
562 565
744 656
201 667
238 734
921 690
204 538
27 51
84 192
377 442
710 276
782 196
679 523
593 974
649 972
120 119
496 198
622 563
369 703
268 29
932 244
697 841
771 78
576 54
357 587
728 881
509 256
666 43
81 633
427 533
870 827
852 274
28 812
505 681
768 631
435 722
275 937
883 444
538 97
962 821
992 4
276 453
296 539
228 990
154 921
432 203
234 203
200 119
509 979
537 88
665 19
895 859
261 440
443 461
101 185
817 248
699 876
381 153
347 105
628 142
243 168
975 667
262 18
171 725
661 168
42 696
828 847
977 3
941 744
47 713
836 450
285 68
124 492
949 237
660 112
564 804
668 523
484 996
581 530
762 669
756 520
705 522
579 241
610 649
590 403
541 85
890 617
467 664
577 106
765 695
895 760
645 23
226 881
502 994
907 996
509 771
403 624
856 479
543 793
805 290
860 947
274 298
956 690
244 716
526 68
583 109
450 619
804 622
665 386
26 298
991 901
13 224
342 660
256 15
79 803
80 643
597 930
980 30
412 578
624 64
73 222
914 508
965 991
292 143
701 821
170 815
106 161
57 757
253 846
714 416
534 159
404 944
998 291
707 697
546 745
448 564
623 761
110 664
974 833
222 746
989 585
428 93
970 744
257 67
901 938
335 958
107 567
898 460
96 324
149 198
298 512
150 609
957 879
473 167
565 590
586 555
825 753
429 323
689 290
635 631
11 395
530 761
664 79
678 539
88 609
893 292
536 137
664 510
77 791
220 569
746 622
310 679
155 354
891 188
731 343
40 546
139 950
247 137
48 833
303 139
473 244
644 181
256 670
645 156
340 140
341 437
128 349
277 669
425 906
189 97
9 715
763 324
919 179
71 274
2 311
629 292
615 721
541 750
102 492
1 629
261 939
408 625
174 126
693 936
250 450
567 899
605 332
633 91
790 166
260 697
171 946
631 536
10 636
908 21
358 164
585 224
13 375
508 529
625 743
383 755
97 462
943 637
395 59
712 6
477 411
7 494
91 281
574 785
989 352
8 883
759 528
707 947
747 434
401 868
642 826
646 850
577 791
484 207
46 529
530 827
238 314
258 930
778 189
764 774
600 863
655 593
147 751
684 199
604 358
780 754
566 167
532 115
254 691
193 986
995 443
959 92
674 220
92 434
751 990
498 946
954 700
501 607
588 31
817 716
412 32
569 99
695 743
311 978
207 749
544 303
53 419
971 224
682 85
221 919
167 415
632 812
360 559
14 54
204 864
551 974
640 528
861 514
365 435
38 283
131 135
885 401
226 27
299 973
178 150
341 314
696 295
532 661
29 634
369 513
373 73
818 966
448 599
161 797
240 818
105 666
101 895
282 59
84 899
395 1000
676 335
255 250
25 347
353 102
338 242
488 667
965 919
676 222
382 251
534 212
519 512
188 784
432 450
966 259
790 61
224 100
690 321
15 854
927 908
917 438
663 662
111 841
704 429
962 692
908 287
747 257
236 778
205 469
777 684
651 199
33 684
453 519
148 75
3 712
796 19
394 247
507 322
65 31
343 56
666 531
955 442
651 81
354 907
470 165
237 286
694 476
483 314
764 153
195 398
806 402
575 211
78 473
119 247
212 971
748 645
911 253
981 889
195 684
660 802
956 585
646 277
740 496
83 975
982 413
697 757
368 423
488 162
294 947
152 1000
299 523
484 517
662 479
179 465
971 29
977 652
999 587
875 441
236 117
75 177
863 168
313 772
688 968
1000 586
31 602
697 622
442 681
420 195
107 943
819 447
692 951
145 348
889 71
464 644
139 442
784 949
291 199
771 177
614 467
481 181
376 535
747 62
509 287
275 827
516 411
434 596
71 649
827 215
591 118
59 65
956 305
577 524
29 617
466 197
274 138
876 632
555 673
572 769
82 501
745 307
507 274
339 414
15 987
107 586
346 398
515 483
647 230
814 685
581 878
929 389
570 401
797 646
90 826
107 872
76 505
42 373
404 320
99 552
426 280
744 275
137 331
566 252
146 651
360 11
816 799
610 112
658 868
956 100
223 280
61 621
777 132
299 312
82 968
123 156
160 130
825 144
882 99
773 208
646 358
958 84
961 336
523 229
268 920
195 648
960 616
104 334
122 342
434 323
36 531
341 834
416 841
810 137
866 956
174 752
202 217
890 42
553 58
541 521
525 132
47 320
782 781
162 938
331 533
475 763
325 63
970 932
24 550
666 413
104 186
376 505
361 363
726 637
914 671
704 247
173 12
732 797
521 956
206 236
478 881
997 687
304 84
577 921
319 260
890 563
713 329
237 635
369 10
367 8
793 161
776 945
889 520
512 375
710 622
42 522
168 833
82 763
101 45
565 766
472 675
39 235
21 364
726 206
333 394
337 975
29 945
531 691
940 259
955 595
151 642
150 819
484 921
582 854
570 774
691 584
461 439
247 106
174 284
130 778
241 21
683 186
955 817
632 674
446 420
288 66
180 208
787 542
592 240
631 177
943 373
915 268
420 982
973 574
351 254
288 106
985 80
334 935
815 156
179 182
936 283
700 364
424 79
957 123
226 231
779 839
573 75
649 103
537 554
754 736
44 558
318 908
67 983
633 2
461 702
254 395
776 529
410 307
529 847
141 385
932 412
970 811
555 971
827 174
408 272
390 352
118 613
858 776
41 428
970 698
607 675
727 27
813 32
998 100
983 912
909 525
370 497
498 314
854 935
713 357
507 994
224 790
760 968
467 390
580 211
600 689
763 949
694 79
471 450
418 202
357 471
159 366
950 404
149 443
759 540
171 31
65 560
425 955
129 551
494 131
705 576
691 917
767 405
493 57
935 38
114 430
687 442
324 981
753 205
424 751
99 431
564 163
322 210
674 959
839 283
900 173
313 525
441 576
80 256
377 501
52 878
796 125
106 659
982 336
36 698
364 95
844 337
536 674
187 574
796 236
285 657
501 971
914 882
635 301
504 793
233 920
786 361
473 610
457 421
439 333
987 885
434 847
552 182
27 316
480 596
974 621
26 5
954 791
582 22
585 818
254 423
590 573
257 895
679 980
85 695
478 559
504 102
470 655
625 642
607 630
940 875
813 499
101 417
762 493
504 469
490 232
328 3
992 122
877 465
225 397
577 976
262 266
996 262
488 969
894 113
107 609
181 490
112 825
293 922
115 106
617 812
120 276
11 103
83 273
395 260
896 239
898 437
186 387
744 425
462 364
907 417
945 886
450 268
33 914
967 753
414 243
38 527
55 743
133 809
872 269
928 559
842 857
539 903
560 410
205 153
29 121
985 675
933 643
695 548
557 451
523 383
358 894
363 672
856 607
764 120
102 611
826 535
350 841
656 923
375 398
303 221
507 894
247 880
673 281
485 811
142 196
237 314
773 814
656 534
259 683
358 914
212 392
984 161
252 921
758 407
248 604
65 378
580 160
201 874
588 882
330 78
404 713
4 259
447 789
984 511
508 773
605 401
731 858
606 90
351 613
875 967
583 597
674 767
588 592
639 71
732 907
589 782
880 926
205 517
866 705
793 447
907 513
49 25
488 519
659 928
253 793
897 875
932 315
36 368
367 390
918 882
673 701
945 944
799 21
901 965
738 745
298 554
775 44
580 132
873 406
565 616
841 752
950 50
20 947
936 732
811 984
833 800
137 761
615 386
87 101
750 671
16 682
275 359
370 27
116 971
164 917
626 808
663 265
699 988
518 112
756 667
980 342
543 711
105 495
656 4
825 38
703 741
781 883
358 794
752 749
532 155
111 438
591 888
26 884
78 677
27 469
88 677
450 980
949 318
832 864
938 33
703 227
28 57
51 328
568 94
622 962
697 318
937 367
810 231
460 428
924 99
740 492
881 186
293 28
687 972
382 628
53 700
187 614
839 679
378 775
679 553
286 649
303 821
913 929
878 955
229 294
611 732
563 993
377 182
947 382
966 430
456 291
221 125
258 489
766 23
886 369
947 495
328 381
844 861
187 34
941 245
173 11
853 985
805 582
223 901
663 360
866 596
799 120
419 356
383 575
167 706
977 306
870 7
410 609
943 697
124 701
832 290
452 228
237 634
81 150
998 347
655 718
693 391
803 347
57 349
349 925
189 872
171 421
284 604
251 659
785 981
146 605
826 139
613 561
427 76
266 322
796 395
778 966
755 144
674 182
233 670
52 198
750 405
575 234
781 663
177 839
143 94
117 905
949 986
856 535
527 452
216 374
640 744
518 265
479 423
784 390
674 523
895 623
4 22
652 746
781 458
340 142
251 426
108 113
200 274
246 227
66 541
786 258
370 987
279 195
282 37
265 817
550 378
81 677
88 283
806 265
20 576
719 198
124 908
639 63
128 993
779 208
941 217
942 210
102 95
54 786
914 787
58 465
495 132
323 236
443 297
598 931
603 631
626 684
400 548
112 798
944 417
15 530
314 657
620 717
513 13
590 188
777 993
707 96
925 169
489 631
427 567
125 798
169 625
955 638
741 129
30 358
198 644
345 336
589 175
511 583
347 494
830 457
958 130
906 313
467 741
657 629
416 37
935 182
282 722
890 431
891 90
982 119
548 965
56 507
96 908
152 910
762 741
503 257
485 822
770 686
184 287
856 994
975 251
13 836
917 798
221 737
991 397
614 888
761 404
754 826
985 220
167 211
667 120
571 516
143 890
644 856
993 362
353 11
466 298
675 546
179 947
844 903
496 555
5 787
282 424
740 188
401 436
378 529
291 186
607 480
462 177
46 432
818 185
969 35
291 11
365 902
7 447
724 819
118 582
362 924
288 983
770 423
555 839
847 183
45 153
284 887
818 411
215 297
964 612
91 359
259 633
55 448
295 337
280 982
379 544
882 441
99 929
794 707
299 163
820 583
626 946
988 781
494 303
350 754
500 599
798 26
346 856
417 45
261 244
393 4
312 180
39 3
276 983
578 723
778 433
228 456
893 645
934 308
76 4
204 81
82 885
599 184
947 651
948 112
234 840
386 617
543 7
612 37
928 236
804 919
825 340
476 736
929 879
995 4
522 668
134 718
216 221
566 717
880 324
960 418
511 814
792 508
448 496
685 249
456 987
814 79
516 65
351 838
458 257
781 355
487 134
435 283
684 882
98 483
254 143
692 945
515 920
938 529
499 765
409 229
616 651
598 559
552 147
553 254
476 219
900 597
794 240
406 138
230 243
226 990
886 826
887 120
149 860
45 105
768 586
76 823
239 485
6 974
28 862
286 366
72 214
823 29
223 817
974 155
999 380
984 939
950 128
298 555
867 982
124 265
324 475
567 393
237 550
661 68
864 176
974 437
415 150
216 863
101 366
574 590
831 357
964 282
604 801
42 310
925 145
897 496
759 372
79 608
285 867
677 673
713 888
643 849
935 233
7 666
527 483
621 260
180 254
237 507
240 289
256 518
144 551
877 43
540 101
200 867
612 168
249 326
804 538
28 216
984 190
578 671
815 998
185 137
579 735
781 135
819 108
311 472
630 131
451 717
716 236
311 329
116 295
365 173
110 957
677 480
466 389
638 503
251 664
951 398
371 256
724 772
654 747
988 177
96 121
215 352
909 489
111 819
760 63
546 454
604 112
932 687
902 259
6 212
723 290
689 470
551 552
495 438
189 871
104 833
216 827
489 265
881 575
459 481
578 633
543 277
621 565
988 693
729 355
555 331
721 103
995 384
1000 42
468 512
532 201
493 83
8 357
797 59
610 680
536 827
761 812
247 21
35 925
397 286
536 938
878 251
703 262
373 687
49 809
382 695
848 795
297 43
912 135
191 579
13 863
142 189
551 291
186 689
139 649
692 843
235 992
308 604
754 572
772 163
645 443
648 401
279 109
779 594
528 583
567 766
403 817
822 936
812 762
606 19
420 404
102 370
853 666
490 464
573 299
520 913
558 193
444 887
83 35
268 183
413 683
152 651
76 910
139 162
7 774
894 200
658 762
845 572
229 343
323 814
784 300
993 890
572 32
873 955
431 860
345 667
795 406
721 784
974 66
99 900
297 972
262 78
615 372
484 202
251 705
966 998
453 689
682 653
115 430
208 252
947 473
301 637
86 765
90 240
146 702
20 219
701 703
155 948
691 870
836 261
697 185
290 353
664 331
843 752
510 879
941 975
655 225
693 94
911 11
639 781
716 465
275 237
227 229
962 113
986 891
364 955
277 988
433 758
341 485
930 642
914 127
541 316
579 633
339 764
14 420
679 402
829 481
226 22
891 808
785 123
344 213
240 603
628 941
204 577
832 186
80 703
796 797
107 7
212 84
896 903
149 613
245 12
763 579
505 439
469 724
292 115
974 627
851 162
59 489
784 987
322 950
549 341
975 79
690 493
112 605
426 751
353 837
504 471
932 257
860 44
542 576
139 95
31 453
159 144
92 198
936 595
244 264
536 564
910 855
819 830
343 68
537 241
484 238
232 351
16 576
695 256
661 144
129 871
440 708
371 820
445 517
677 938
324 646
788 21
954 893
424 768
868 987
377 800
30 304
414 915
303 30
395 265
404 78
34 670
702 209
152 717
744 103
618 576
360 848
83 976
485 728
397 294
844 401
167 444
959 928
285 593
435 124
795 190
881 156
554 10
972 301
757 513
95 174
100 344
632 954
528 993
527 221
839 31
112 46
735 94
807 637
539 227
278 373
67 401
446 559
585 609
325 806
791 969
962 730
978 592
923 241
913 955
507 700
738 48
723 860
593 167
946 5
486 970
37 468
439 448
741 832
577 743
970 798
828 400
410 361
614 102
932 470
384 324
112 633
594 821
352 200
119 882
384 906
229 286
345 817
680 278
241 704
242 667
776 777
358 333
361 63
551 694
236 873
629 974
813 247
372 345
338 427
106 269
859 857
197 594
181 381
534 307
993 531
82 274
963 167
157 228
820 548
162 154
347 154
6 11
137 328
266 428
855 98
228 174
596 537
204 381
533 490
994 962
189 548
467 958
104 4
345 286
450 224
366 388
280 495
925 1
961 341
191 328
708 550
142 900
551 472
331 125
523 635
563 438
986 819
327 9
384 123
186 827
504 518
839 114
130 758
649 620
178 202
195 824
382 634
937 15
175 139
736 671
735 963
404 751
245 83
468 246
253 616
421 664
836 569
943 775
800 511
182 479
308 799
719 236
117 186
303 594
62 789
783 799
515 149
59 144
476 47
443 158
794 750
973 999
903 187
727 535
72 243
769 179
2 770
332 104
119 711
524 131
767 903
625 938
129 141
917 92
426 473
603 267
417 605
863 853
76 393
920 223
191 295
371 895
963 131
261 889
531 583
362 518
419 725
132 538
338 966
526 718
203 337
307 532
454 677
588 274
698 318
826 491
596 773
760 619
800 770
656 870
159 829
329 814
517 171
212 632
333 634
65 228
969 798
330 704
900 180
726 98
754 347
403 741
443 528
26 616
902 761
562 614
861 570
4 167
117 346
762 673
853 470
286 969
320 722
222 255
649 959
268 451
35 472
952 616
192 740
227 532
634 914
45 37
609 141
461 720
297 631
424 700
373 260
54 865
291 17
205 715
79 214
427 593
282 372
448 749
287 997
332 722
251 358
651 334
597 209
968 500
819 948
767 810
733 198
112 784
570 264
162 480
272 67
661 10
573 750
405 844
909 748
7 793
379 356
767 665
471 332
608 382
837 307
369 270
665 745
793 476
392 323
549 889
234 688
717 5
551 581
919 702
242 246
5 42
99 323
796 299
156 138
527 437
701 174
899 562
540 800
191 384
963 699
657 516
655 17
942 999
544 402
192 898
120 351
38 396
645 252
78 957
796 120
152 16
804 595
136 275
356 694
344 214
734 423
383 95
193 503
231 155
533 59
329 151
496 640
156 620
296 96
157 810
947 440
841 157
285 423
457 132
849 762
172 361
528 465
790 49
187 108
704 306
444 629
762 488
638 159
287 985
76 668
888 62
780 846
424 853
822 497
716 844
924 351
664 975
822 171
707 915
430 674
224 821
209 149
176 168
589 316
981 607
440 269
574 592
423 124
598 455
730 882
358 531
87 51
949 148
608 282
917 514
573 980
29 118
252 45
54 427
65 898
7 547
124 171
398 420
327 262
612 80
705 722
978 194
302 704
624 526
455 98
937 487
126 72
372 984
998 828
994 355
575 258
778 608
821 910
792 700
165 366
588 798
644 24
539 226
5 706
512 51
230 531
395 554
676 393
415 679
456 556
255 420
684 876
973 805
600 99
502 327
875 219
676 280
735 895
545 663
329 28
850 422
999 11
729 547
288 791
552 36
24 637
889 165
463 382
694 462
783 939
593 403
612 835
791 396
276 450
429 348
675 28
128 201
516 820
811 588
408 105
818 142
857 294
916 129
279 475
552 527
24 594
590 75
369 325
167 910
632 317
488 85
864 912
994 963
591 551
635 991
63 94
360 175
551 245
683 453
392 234
673 111
13 710
715 561
734 912
809 639
332 444
260 417
243 747
959 225
156 242
277 896
991 144
126 417
910 398
325 598
622 916
606 505
915 500
540 127
991 33
649 160
706 435
69 593
1 977
131 178
819 193
268 329
628 887
511 93
919 170
387 109
682 106
88 228
987 912
144 854
142 449
697 910
24 780
991 340
922 877
120 693
230 654
260 4
549 10
425 732
482 919
84 967
931 838
415 441
788 965
473 712
148 612
420 449
410 219
818 236
564 74
433 74
417 589
54 666
366 664
281 46
135 191
270 930
822 671
435 821
955 58
229 305
853 855
603 620
912 160
647 177
450 659
137 568
234 296
732 63
145 777
560 232
922 451
944 23
15 680
93 612
354 804
316 542
615 419
146 600
664 37
519 153
449 649
980 915
198 780
553 787
842 924
185 119
773 286
631 510
560 421
341 892
267 617
398 493
848 96
886 552
778 375
28 925
229 983
181 788
705 666
902 988
173 996
964 920
378 354
307 162
949 287
808 590
4 898
445 240
261 457
848 797
43 573
411 49
433 601
960 278
325 876
342 602
71 376
5 708
403 962
929 573
377 117
783 559
680 772
473 522
994 252
373 225
411 149
411 460
364 420
628 617
443 991
64 488
67 987
448 887
819 360
92 318
789 384
311 220
59 175
704 184
151 375
559 362
893 716
509 800
288 863
2 965
884 945
652 15
686 549
896 505
370 410
372 252
907 219
34 325
54 896
525 761
200 180
348 276
747 582
430 758
346 245
661 122
845 237
37 944
276 216
261 268
485 238
413 65
589 232
293 955
115 289
797 507
731 123
147 218
648 533
5 152
426 111
447 862
4 832
578 690
994 749
351 56
468 283
63 372
963 698
986 889
933 862
863 413
871 711
913 290
697 379
863 34
478 68
317 90
924 422
66 858
18 985
990 931
682 368
23 424
101 920
610 142
615 611
610 505
710 566
967 995
586 359
182 634
878 903
414 993
828 168
276 997
654 276
126 263
163 675
638 540
974 992
277 368
614 443
135 886
136 848
99 761
335 863
563 760
805 539
58 496
573 559
756 591
693 730
665 57
188 738
68 88
416 5
841 728
846 107
781 694
315 737
255 930
120 391
998 644
690 559
476 909
924 544
872 369
983 7
309 116
994 828
612 371
349 883
958 835
315 975
617 195
388 969
290 607
949 4
787 345
402 841
754 152
332 10
631 422
902 890
280 405
9 249
523 528
285 156
825 127
455 204
437 321
864 723
96 845
355 968
462 812
691 610
322 131
30 720
130 974
791 519
517 215
764 491
513 603
490 135
96 939
725 496
1000 657
51 225
753 975
354 295
574 207
44 942
653 708
47 85
1 869
37 111
311 576
188 397
887 269
72 654
696 456
166 476
654 702
736 612
719 357
296 965
238 750
47 280
395 779
857 740
969 482
110 932
455 967
404 555
277 291
667 871
61 460
299 548
756 32
145 625
686 48
454 879
250 630
469 968
382 107
438 137
465 365
599 582
139 236
324 32
632 19
818 447
741 735
936 561
340 975
542 973
910 817
124 260
570 410
534 305
963 365
629 637
181 461
246 787
483 639
533 391
848 359
77 11
263 506
176 292
949 247
753 478
847 918
480 938
46 873
267 588
882 13
794 887
323 437
786 967
255 950
609 828
385 778
655 219
626 409
19 189
536 849
648 779
901 167
812 518
670 508
764 271
912 640
108 363
680 636
576 573
132 11
705 991
523 714
308 724
493 688
442 706
353 485
578 246
304 815
748 170
450 613
89 291
217 278
948 251
402 384
701 252
260 998
304 702
72 682
654 248
239 838
297 383
889 501
781 21
2 220
884 696
331 520
193 559
502 467
813 974
456 295
148 613
23 807
540 499
92 274
692 794
14 990
918 48
371 261
832 817
580 439
597 639
176 821
983 538
875 885
659 960
948 975
250 226
370 631
79 365
374 827
894 34
141 634
879 714
190 568
48 78
573 712
11 163
103 569
803 351
56 568
717 317
935 330
498 501
206 770
45 384
747 746
240 659
632 346
171 54
65 559
764 879
935 424
646 37
446 79
138 772
506 698
752 702
604 951
695 616
958 234
928 329
290 570
789 596
665 990
260 390
229 551
568 143
678 884
915 418
666 868
406 555
602 434
877 12
240 223
891 545
382 517
494 708
411 161
515 823
772 174
131 62
386 228
501 42
799 631
411 350
492 852
922 846
767 400
970 114
921 398
303 698
182 441
310 354
760 273
80 899
84 843
17 554
112 564
116 36
707 667
638 353
96 24
153 455
375 686
181 401
21 56
466 108
153 368
836 211
51 957
107 521
716 953
552 682
664 868
722 230
940 49
561 172
581 801
105 248
324 996
423 90
727 136
158 157
15 316
595 618
262 879
285 6
163 758
906 338
47 636
270 277
553 927
860 525
539 732
612 446
425 300
173 950
30 757
841 54
346 822
458 428
960 550
734 760
645 105
796 459
929 750
288 210
810 187
190 729
839 52
421 491
739 96
62 407
669 661
109 936
937 69
667 124
447 734
374 308
527 920
198 102
827 626
173 284
176 512
839 482
890 256
197 803
679 834
447 978
49 359
362 230
492 207
916 250
372 51
118 348
824 970
641 660
89 983
491 935
258 348
546 555
619 419
345 986
490 213
681 516
167 561
594 223
757 305
44 188
319 458
709 190
716 846
788 323
609 506
684 492
777 726
615 260
693 586
340 806
894 453
219 223
627 202
239 16
573 752
205 732
337 104
17 874
46 733
390 141
551 834
33 642
350 641
299 69
997 166
543 750
820 865
949 3
273 546
835 164
817 657
123 246
270 241
291 726
111 409
204 77
446 406
947 655
270 698
548 918
644 341
222 377
223 192
868 139
65 162
191 422
809 803
488 163
297 969
151 788
658 456
217 136
329 454
810 159
631 997
243 988
908 512
636 925
984 166
322 469
516 77
95 312
871 642
80 527
628 159
804 704
878 561
971 725
836 689
382 831
942 26
519 956
95 478
135 951
93 41
865 176
719 277
407 675
266 565
726 658
451 828
989 111
183 984
442 210
794 111
45 983
780 14
712 684
574 599
245 820
383 689
849 629
907 218
957 610
634 721
727 524
690 995
432 115
8 628
486 680
699 23
239 342
591 237
779 479
618 205
573 359
785 706
954 75
48 373
561 155
712 25
840 46
445 693
318 701
745 87
599 788
158 74
894 368
842 791
440 299
665 310
155 960
872 366
86 824
812 402
15 372
881 736
733 607
845 5
593 52
578 640
247 495
394 503
233 677
203 845
151 741
172 576
726 379
673 109
105 611
829 610
226 665
747 879
890 624
392 123
40 20
910 285
87 420
434 862
130 979
459 5
427 944
895 630
970 411
227 398
973 225
933 230
991 710
499 782
668 117
443 694
429 583
691 396
505 161
127 318
454 26
38 293
848 593
207 374
389 645
699 551
106 615
273 372
596 134
597 939
775 624
467 74
860 600
503 664
445 891
581 359
49 350
16 33
386 175
390 751
687 271
931 985
235 324
331 873
188 982
816 407
447 635
309 582
36 258
935 918
183 173
981 700
708 284
840 364
803 96
971 962
606 631
220 470
242 698
243 111
667 529
524 190
245 337
733 784
111 940
962 562
335 564
305 449
590 58
941 159
223 567
258 985
134 44
779 217
431 922
397 854
45 1000
318 296
447 140
431 523
142 730
713 574
878 224
881 652
294 305
461 288
7 980
18 190
403 264
722 726
913 453
51 314
363 172
481 617
647 938
762 714
141 841
978 866
479 307
249 358
804 570
553 382
616 975
807 689
222 83
159 952
62 504
506 238
658 163
515 822
364 128
645 423
350 439
927 153
268 510
16 367
39 873
582 432
705 373
266 747
726 557
490 333
92 649
900 666
832 112
226 451
870 920
107 460
257 789
741 901
64 281
728 816
456 467
664 918
278 892
893 812
395 385
115 148
106 500
466 790
310 175
719 927
820 616
941 664
124 444
604 886
197 696
555 282
441 910
53 540
175 103
971 554
54 450
935 79
960 793
208 30
501 695
854 357
214 4
416 203
734 991
721 208
122 943
85 281
268 975
660 789
535 907
32 244
77 645
505 882
172 671
757 696
464 613
249 401
446 725
375 337
631 958
972 261
504 223
540 961
416 887
348 626
493 631
291 8
620 422
804 685
951 526
645 411
173 394
264 442
197 260
805 197
112 228
519 859
630 122
691 226
488 219
426 969
633 951
585 820
469 833
944 661
653 243
103 188
889 379
112 593
558 80
505 518
399 572
375 653
231 157
976 548
723 369
281 262
615 263
604 52
519 61
907 423
730 718
306 802
825 818
938 499
722 346
963 92
232 210
824 502
181 312
356 51
854 278
795 684
855 203
237 240
220 962
995 482
656 786
694 766
740 104
906 454
673 49
915 108
420 566
293 256
810 122
858 194
192 701
246 352
281 924
48 945
380 510
844 397
113 157
994 382
631 508
1000 659
998 898
913 268
53 561
401 48
402 267
856 498
178 802
195 832
507 594
684 944
934 245
41 106
297 240
5 719
118 72
680 109
748 696
269 74
252 774
348 709
597 918
948 544
416 625
952 547
629 485
732 530
399 973
770 243
790 246
757 65
155 531
893 513
362 254
131 676
98 689
889 170
616 942
489 212
158 636
589 665
555 777
223 943
426 719
798 447
466 188
694 380
589 618
606 664
20 859
183 249
797 637
513 174
798 141
718 225
594 83
868 566
171 302
707 880
300 458
370 1000
987 128
533 20
773 215
721 860
774 230
352 93
390 223
998 256
530 890
342 292
289 936
379 849
888 383
665 309
320 770
963 56
211 959
893 167
271 921
815 732
47 582
637 162
226 673
498 768
775 494
263 666
213 283
752 739
218 131
705 691
632 653
742 758
998 844
303 270
507 163
470 277
588 200
610 624
934 426
721 425
700 609
661 741
248 672
484 544
752 336
715 164
863 100
227 286
35 10
667 438
192 982
888 590
779 929
424 350
75 944
4 109
831 925
832 21
779 574
749 560
208 854
990 298
154 176
173 244
831 883
941 239
524 89
118 528
379 784
140 850
641 723
699 453
97 299
353 641
300 136
234 132
642 191
344 556
828 662
98 951
603 670
196 88
217 393
515 452
828 517
443 481
559 919
357 43
94 918
366 219
393 690
332 799
738 886
354 803
301 532
309 57
609 515
630 919
21 373
208 164
320 878
836 302
80 110
208 51
431 763
752 688
308 118
881 284
668 406
480 807
47 971
768 292
551 107
618 900
195 621
369 162
675 238
619 718
880 306
660 592
448 56
776 77
891 914
13 858
783 266
472 4
109 817
865 563
386 844
706 357
701 232
791 924
313 837
636 565
794 544
335 433
482 967
176 614
916 787
844 921
316 322
465 632
887 533
512 895
208 270
11 773
747 255
896 589
225 265
244 19
979 992
529 977
803 142
709 216
432 60
819 952
971 993
609 476
37 859
24 342
409 796
484 352
894 431
841 801
932 712
755 935
920 144
722 228
778 124
392 617
270 590
452 341
664 149
48 273
492 569
595 620
464 55
11 431
234 60
540 542
741 139
216 570
731 493
553 925
401 408
39 490
194 827
212 558
104 239
584 729
184 199
540 828
446 331
485 687
381 782
223 127
192 705
321 657
636 772
109 132
848 513
169 55
649 253
175 105
625 238
294 873
917 631
338 569
526 4
965 748
416 743
398 955
577 508
500 293
635 290
122 467
640 822
843 273
862 15
701 915
1000 884
743 133
953 974
992 932
535 44
302 847
173 171
124 831
486 946
964 472
466 70
598 743
266 881
345 984
931 97
718 283
97 339
261 570
667 555
49 208
894 120
370 727
662 354
172 26
543 37
208 334
138 105
919 907
259 126
264 735
642 100
745 10
746 341
587 987
90 209
987 69
772 639
555 377
350 647
702 504
578 698
426 191
708 809
745 516
929 76
392 124
458 748
114 122
133 52
467 790
29 227
52 132
177 80
769 724
511 609
539 698
887 202
941 814
877 944
661 607
810 123
848 186
83 983
787 85
835 452
471 912
791 625
946 506
311 391
276 364
364 43
551 273
365 510
956 679
919 301
478 39
26 428
958 365
944 789
744 665
283 55
191 646
982 375
400 361
633 191
175 242
814 996
362 407
17 240
398 919
352 641
335 504
410 33
486 892
161 817
538 293
386 86
598 545
141 224
787 722
202 286
130 83
225 87
297 546
709 493
32 689
127 856
898 44
996 799
499 481
135 855
563 680
770 18
646 609
719 53
85 969
112 717
59 950
443 343
392 707
687 869
619 286
604 106
590 941
870 493
903 923
140 540
380 889
788 464
493 438
188 732
897 414
620 610
983 183
190 808
683 283
621 587
470 217
964 614
555 357
741 114
252 385
677 314
630 682
544 641
377 458
854 418
293 338
220 854
705 690
549 609
824 96
381 837
719 773
522 811
687 759
617 780
354 859
887 460
446 658
485 840
319 781
381 935
635 396
429 581
670 669
605 556
640 976
717 670
278 298
282 857
731 782
292 248
66 980
518 976
62 572
737 830
594 609
315 128
344 944
532 939
810 693
673 931
886 328
689 780
447 532
432 307
79 865
552 4
603 430
6 541
562 229
46 498
709 82
305 148
490 152
842 373
148 326
629 139
138 380
871 607
358 403
806 903
698 788
695 161
127 547
901 546
8 815
486 390
822 44
256 13
6 505
993 562
10 878
755 254
342 321
953 156
458 834
648 750
663 805
208 165
940 366
834 745
36 945
67 234
379 204
153 912
626 839
608 454
885 998
815 755
742 945
29 58
338 364
234 744
734 871
445 810
47 372
158 465
821 191
830 423
208 850
887 178
554 429
296 437
593 321
164 942
374 146
263 927
394 858
514 815
56 232
554 60
450 725
804 548
911 832
592 278
18 481
192 900
959 628
305 667
51 75
895 842
771 322
154 320
83 346
184 883
50 433
268 504
490 505
944 909
528 716
526 331
306 150
291 822
862 419
991 709
413 357
684 598
421 520
232 685
374 632
641 653
296 702
282 369
546 514
140 887
215 429
559 962
552 399
813 24
7 481
988 2
111 861
813 169
923 873
618 3
345 669
950 66
846 19
479 558
328 860
632 266
91 175
726 192
150 868
445 620
908 35
546 57
584 508
802 431
199 445
298 926
996 73
7 570
412 138
711 550
307 996
622 118
233 298
534 824
95 914
385 887
133 241
691 699
29 288
30 523
569 219
74 667
91 619
466 234
777 422
550 221
700 554
739 20
523 791
654 79
580 507
969 543
342 523
18 981
662 618
739 101
23 420
320 213
430 414
770 971
837 468
58 969
614 208
238 699
596 329
338 457
235 756
303 773
142 445
334 677
260 584
287 273
897 613
93 194
59 350
477 163
170 861
585 826
520 939
131 603
46 443
328 65
231 965
509 227
456 497
42 886
426 745
561 402
549 433
182 186
918 878
576 369
794 296
409 846
375 655
788 334
970 553
935 553
293 889
371 909
209 26
522 482
327 590
955 437
389 423
893 129
198 825
381 493
536 44
898 687
600 947
933 651
788 130
777 151
781 839
213 261
341 816
915 1
593 495
575 43
298 5
65 822
835 310
507 153
968 661
761 496
43 593
299 757
947 769
402 246
214 772
95 219
482 72
946 507
308 764
146 243
459 888
813 873
89 459
142 383
933 80
58 890
726 649
710 258
52 616
75 825
459 678
871 277
530 492
144 254
161 816
383 463
149 643
331 608
919 99
444 321
925 782
988 390
736 471
663 126
666 398
685 482
634 506
931 830
89 903
457 171
790 103
349 461
337 397
746 867
374 928
803 248
567 883
257 204
771 415
594 815
478 642
245 701
49 98
803 73
589 616
770 386
954 231
153 444
444 645
817 101
84 620
267 132
50 524
659 646
20 980
862 951
495 42
872 691
162 865
964 99
2 229
841 760
881 955
989 464
646 787
650 478
983 182
487 775
509 715
501 843
157 111
751 59
219 474
39 79
223 498
703 932
119 317
647 316
159 694
778 348
751 793
365 46
147 903
223 144
479 58
9 106
212 615
229 527
117 686
592 13
338 845
69 715
68 751
201 579
878 263
679 370
143 237
504 175
781 478
216 128
221 689
726 826
530 113
348 564
256 938
540 186
253 753
833 539
991 339
832 248
605 461
420 127
206 424
46 17
889 459
749 558
163 471
697 883
62 799
14 930
474 915
476 37
611 546
480 32
228 646
767 175
755 687
97 297
854 801
769 181
73 256
367 418
353 752
29 757
361 29
735 499
423 477
261 386
558 360
586 593
125 515
976 893
284 596
945 694
489 754
219 393
51 499
272 951
324 965
650 212
403 29
859 246
200 601
163 687
593 422
955 731
457 790
626 38
63 351
817 815
838 979
821 815
15 152
398 16
551 506
795 760
246 274
381 985
795 829
831 683
625 192
596 455
833 19
100 566
714 736
505 66
947 23
161 926
625 337
862 134
554 863
701 28
374 300
877 443
680 777
184 728
539 94
655 67
960 9
407 774
508 837
853 240
40 503
594 578
634 451
463 31
819 367
714 123
866 814
867 603
64 284
338 151
926 556
801 953
171 573
946 463
788 667
323 646
909 947
235 434
509 79
37 712
611 687
840 160
871 225
818 495
27 274
346 476
880 700
495 253
776 967
765 239
93 722
96 378
133 683
263 280
548 442
54 167
536 418
936 668
261 375
983 126
401 636
437 86
989 649
973 4
24 229
388 910
850 721
784 322
690 870
276 827
151 697
647 340
560 326
617 379
748 667
820 824
626 251
39 484
262 653
543 532
341 140
752 557
324 990
645 277
472 489
534 825
901 106
596 662
647 634
961 279
209 522
10 191
930 554
843 983
296 402
101 975
819 869
319 554
514 816
181 533
679 314
994 456
387 138
958 375
715 110
437 812
494 695
79 719
245 243
891 801
173 391
943 231
306 40
218 812
240 812
978 758
540 273
746 618
672 665
122 320
178 494
841 310
240 699
791 128
743 139
157 804
488 645
106 860
692 763
913 754
220 196
628 761
956 176
444 412
931 914
269 743
851 203
724 827
145 425
653 321
603 570
840 344
215 432
883 346
11 1
652 483
253 110
224 860
903 14
390 103
449 953
603 728
31 339
398 590
368 823
521 733
889 719
855 486
603 329
839 847
262 956
944 163
113 854
39 170
744 176
470 34
673 69
251 945
551 92
844 170
593 494
942 811
778 264
337 552
905 701
472 817
18 133
441 969
481 549
407 277
377 756
377 142
967 189
700 600
540 945
759 63
463 994
403 59
678 3
311 558
776 7
151 129
133 502
501 204
460 56
566 884
403 912
408 870
864 610
469 415
752 21
439 315
922 787
260 926
672 310
729 267
69 992
37 332
120 782
871 357
361 740
107 504
895 99
903 948
718 552
535 50
314 690
650 776
813 300
559 440
306 302
577 617
430 887
569 809
309 622
292 892
461 867
870 129
802 929
965 147
258 917
146 829
127 696
202 577
44 156
797 634
923 675
789 22
223 846
480 722
710 632
177 29
237 542
629 632
647 105
10 513
162 149
702 250
191 2
929 253
472 576
968 837
308 238
111 219
114 13
798 905
696 847
968 980
74 879
755 300
756 531
228 404
48 626
782 445
150 328
398 394
44 331
312 967
351 494
686 941
781 763
322 224
223 957
324 790
797 185
354 305
942 950
503 336
565 213
435 48
511 869
705 978
377 257
782 78
539 523
477 806
170 734
523 862
377 498
624 925
911 671
236 83
735 955
795 126
486 655
142 459
787 530
681 123
365 514
849 905
575 915
597 951
914 499
349 14
793 883
317 577
525 412
116 178
503 265
93 954
616 909
72 875
286 733
419 158
257 47
721 514
850 166
353 646
335 786
871 252
93 860
828 657
650 657
483 672
407 168
910 871
716 914
681 977
8 977
262 90
910 790
968 131
517 720
578 990
375 916
525 945
747 737
163 624
665 278
206 694
157 114
930 178
932 772
204 435
81 312
322 34
470 106
729 525
399 90
78 543
411 888
838 833
90 425
678 798
682 213
954 542
665 929
833 327
677 478
697 496
56 488
649 117
873 727
565 297
179 482
48 959
224 865
354 68
227 430
395 331
431 56
566 653
847 576
977 706
943 93
888 959
196 953
735 927
959 711
249 68
670 782
840 8
936 404
679 708
841 690
645 564
104 888
227 541
871 348
710 699
196 596
610 454
432 831
480 239
425 546
338 261
672 749
983 727
16 1
35 319
606 938
75 558
944 749
672 604
675 367
322 989
16 144
382 85
314 989
547 142
922 156
981 411
728 675
767 834
604 154
556 56
422 847
334 11
63 587
139 43
700 71
971 994
382 311
560 827
379 543
608 23
132 711
538 568
160 536
603 364
110 268
609 691
918 541
398 790
923 905
229 130
858 338
519 251
555 244
462 568
835 62
873 887
447 172
251 807
512 75
860 411
163 765
775 272
1000 14
378 430
730 955
198 765
436 2
207 833
668 501
523 474
963 787
922 955
423 917
947 807
969 473
790 819
972 178
562 946
166 200
518 637
631 28
833 77
389 551
511 326
992 746
517 315
387 26
426 964
286 812
182 717
147 634
560 324
593 990
679 744
136 632
176 517
598 536
971 487
288 659
530 612
701 769
903 581
154 68
747 79
400 25
366 747
917 729
149 847
427 549
548 152
54 836
1 328
944 280
232 538
512 636
585 26
107 714
749 791
272 421
204 43
42 775
115 199
871 772
339 399
638 17
914 694
23 697
172 21
432 170
733 852
355 562
135 304
100 454
727 171
214 346
786 571
418 343
157 672
389 54
265 248
928 424
211 788
265 39
128 288
57 126
60 811
385 695
152 678
685 516
394 431
161 424
661 491
556 759
192 514
532 262
636 69
177 159
713 980
536 891
207 714
337 449
227 8
969 991
369 879
777 448
155 468
377 356
105 821
437 926
511 717
388 310
654 41
985 150
520 13
965 641
623 765
130 268
849 940
79 851
27 956
857 893
586 20
770 392
15 440
74 192
662 961
704 119
211 41
305 28
503 977
591 224
405 457
14 343
124 973
286 452
306 446
608 770
291 46
499 56
559 665
907 136
429 452
931 30
573 589
172 106
101 348
710 750
345 682
540 997
492 975
309 271
951 240
974 19
336 355
906 979
858 488
141 818
721 848
264 623
581 740
843 121
313 38
918 709
355 703
483 498
781 903
963 60
690 860
30 389
142 707
238 104
538 600
685 727
265 20
837 940
307 945
556 836
481 870
990 989
873 984
267 723
494 304
422 61
282 736
475 597
485 659
363 535
237 498
420 598
627 662
683 216
117 556
94 276
903 952
918 953
173 667
47 134
263 965
183 617
536 629
222 120
888 884
117 334
597 84
209 883
62 405
216 49
311 418
151 190
515 718
815 114
619 917
161 865
443 859
796 861
429 868
909 90
163 328
678 409
348 852
844 307
849 793
449 573
649 613
950 462
519 556
720 443
282 489
46 390
775 727
488 621
35 96
988 138
258 257
484 505
672 799
231 668
716 828
498 269
194 782
873 495
30 180
480 569
77 199
802 164
600 112
862 800
167 986
258 978
304 541
431 929
897 265
522 182
372 603
955 739
507 464
416 309
786 998
915 861
501 734
998 830
145 323
211 862
821 11
143 51
806 465
523 433
341 246
747 927
90 438
146 388
648 862
834 57
146 739
237 470
907 697
977 551
959 915
235 701
640 657
881 195
260 162
311 529
991 403
95 238
353 283
355 373
168 166
148 946
576 829
390 787
282 184
984 18
183 712
844 518
919 52
758 68
425 656
782 666
266 660
912 174
641 992
895 85
951 711
611 866
758 247
351 679
45 888
373 155
693 956
982 783
267 298
738 355
633 15
927 744
597 684
581 215
896 577
568 926
679 954
120 37
598 846
955 204
918 816
998 226
157 386
802 857
76 728
91 386
932 756
158 469
450 319
214 460
505 824
915 923
590 27
172 848
335 644
967 663
107 813
333 419
337 800
67 203
27 566
521 274
795 735
316 565
859 212
365 99
973 356
170 83
152 762
905 28
725 643
856 590
678 827
661 583
926 688
800 917
683 558
517 24
131 469
773 942
578 22
377 981
786 43
553 716
916 986
352 923
369 979
813 770
904 34
136 396
87 841
1 786
292 311
866 140
584 598
905 472
299 825
675 974
838 366
72 665
861 903
952 925
60 170
441 799
412 623
658 787
700 506
118 771
176 518
106 971
487 122
469 731
219 760
662 826
408 601
616 808
999 31
603 798
180 301
3 376
286 489
14 920
275 920
962 802
983 984
305 209
441 497
663 682
561 480
48 189
987 266
491 699
684 273
140 628
989 457
149 258
833 849
371 738
870 340
985 910
932 764
72 273
699 860
739 667
3 837
871 634
163 523
920 910
427 142
691 845
546 88
697 220
104 736
462 900
817 651
411 803
393 236
144 678
308 473
535 938
113 7
166 11
820 60
969 990
677 405
532 488
441 617
190 876
28 95
106 866
820 501
772 78
132 193
777 336
227 489
730 464
587 121
606 295
572 499
75 173
97 981
403 914
26 475
534 717
544 148
283 440
502 300
292 680
490 748
201 791
662 740
48 487
951 544
503 690
620 405
571 570
681 430
22 246
444 348
598 549
361 746
322 864
589 946
625 633
643 102
495 627
425 633
447 12
879 985
880 905
923 3
174 271
89 821
771 859
25 93
943 569
185 935
916 5
429 340
597 899
641 404
510 385
439 927
7 187
10 237
788 685
654 934
430 26
241 473
404 485
565 750
416 443
716 590
601 701
719 629
977 126
691 824
326 155
285 87
158 223
327 700
897 349
789 871
93 164
954 774
711 602
413 435
821 54
11 602
556 982
983 262
865 991
717 854
332 436
406 919
363 534
414 662
900 217
919 623
902 635
796 410
817 913
268 611
805 324
506 641
347 718
277 795
867 23
136 501
946 410
343 956
105 784
566 679
931 289
922 595
725 14
964 998
71 140
754 526
761 346
688 992
818 819
377 97
748 48
514 536
786 277
350 534
330 105
921 522
938 616
957 476
675 535
503 662
833 488
27 776
766 679
73 90
149 789
170 784
457 540
214 997
880 949
681 676
274 882
386 344
379 791
604 292
961 556
296 597
280 890
104 542
755 801
133 547
120 232
58 34
858 667
353 614
948 791
765 185
931 283
950 21
328 804
812 14
885 704
267 899
988 719
223 152
191 32
581 616
459 855
297 676
160 860
885 994
377 999
397 720
808 871
492 496
886 544
544 673
318 12
963 825
214 109
694 699
147 932
649 490
557 657
517 239
658 360
695 775
644 299
573 461
166 83
622 898
540 836
507 819
761 305
683 852
463 627
293 298
875 492
936 376
352 623
528 546
984 100
378 959
929 549
658 157
606 255
184 620
154 332
247 595
245 62
276 645
871 350
304 544
72 604
309 785
274 948
684 963
520 804
979 137
46 48
488 684
583 507
931 874
269 879
839 180
82 252
852 488
410 263
908 10
412 857
383 742
885 352
758 918
447 645
474 741
545 879
799 65
763 912
289 664
680 471
69 633
337 145
46 748
675 220
634 601
107 526
256 886
845 788
115 11
65 738
944 43
928 672
180 725
508 234
418 222
771 734
243 367
105 795
600 812
285 110
198 977
289 107
648 654
295 21
243 284
228 72
1000 225
375 235
177 958
459 276
497 89
954 96
340 777
47 517
893 475
416 193
159 651
494 382
886 524
264 917
7 583
411 838
450 992
342 178
808 627
695 762
238 771
122 792
963 674
573 908
949 379
701 186
972 172
993 627
423 612
373 649
265 670
857 212
52 882
117 307
751 560
754 372
580 199
994 438
135 682
212 495
531 373
222 192
758 54
889 453
616 523
635 313
412 616
785 2
913 981
93 173
519 849
442 487
191 710
182 493
112 361
528 991
728 867
767 2
382 228
475 386
464 384
85 693
605 212
964 232
807 375
320 497
211 365
49 122
693 689
487 680
628 410
684 340
847 184
779 424
214 527
270 781
641 399
475 209
777 735
315 648
46 520
177 367
836 691
264 629
267 890
821 319
769 412
819 391
275 343
426 297
745 13
39 131
738 938
261 249
544 523
820 872
498 99
894 569
327 360
39 52
557 567
9 225
229 902
394 429
893 511
259 617
777 228
282 650
686 916
824 73
454 900
369 156
995 160
213 610
616 171
123 493
472 163
594 598
385 960
795 841
283 706
709 771
801 472
472 82
143 697
346 567
386 670
117 360
726 786
140 401
748 190
235 789
899 836
94 88
773 675
44 821
838 331
469 412
697 633
519 804
827 769
729 264
692 900
473 586
40 35
60 62
117 59
302 103
931 853
309 841
529 164
704 73
406 129
524 988
232 858
374 565
993 109
387 564
780 5
474 554
456 17
84 761
750 990
883 315
225 421
758 585
979 780
306 670
664 820
8 824
797 744
815 512
216 955
968 106
462 984
347 103
789 900
342 318
637 529
471 414
614 346
538 567
243 295
320 792
357 275
160 945
125 791
129 970
812 329
940 278
389 40
630 301
709 126
157 28
92 443
590 370
761 940
583 543
622 67
750 116
751 805
260 792
78 689
318 224
415 846
751 650
848 155
815 425
709 854
670 484
263 950
624 690
307 254
221 540
838 661
161 517
921 751
795 194
759 141
887 376
992 67
890 479
496 216
952 999
735 932
649 905
709 537
781 188
250 222
334 630
853 928
50 578
727 997
304 517
123 565
490 336
842 13
112 290
405 265
745 734
67 998
504 204
452 788
331 657
675 86
27 696
862 551
323 513
269 731
418 759
793 92
83 129
874 156
712 719
204 68
223 905
876 593
626 700
295 445
632 21
405 205
500 845
832 433
655 685
909 621
939 503
241 619
118 146
565 592
68 920
694 124
567 486
932 545
745 52
881 129
293 910
935 467
114 221
529 525
502 540
234 578
242 121
425 431
797 415
698 353
433 916
656 961
397 561
207 509
863 642
920 886
744 26
51 402
358 818
787 6
91 917
987 172
71 199
691 674
551 502
75 441
368 397
902 612
562 909
65 99
781 621
695 213
363 386
342 544
296 329
924 91
818 754
585 709
394 982
112 17
517 766
188 478
942 691
943 94
191 709
527 799
216 15
666 689
244 933
117 465
633 819
735 918
102 414
213 607
732 545
735 702
615 852
597 825
121 240
417 759
288 761
292 209
990 411
24 702
372 86
980 405
787 514
714 345
386 428
816 313
379 675
149 549
349 723
488 873
732 20
886 92
438 363
374 641
82 321
444 824
873 90
197 270
655 566
894 700
862 770
200 392
397 883
608 264
916 49
310 960
993 706
778 62
285 30
769 337
533 296
868 953
315 811
7 561
854 380
432 717
548 747
273 719
848 69
481 940
857 313
368 346
42 23
170 480
62 210
912 689
290 969
97 749
403 666
333 997
621 82
550 214
878 707
695 923
990 793
900 33
114 532
448 480
212 377
639 562
610 788
153 589
689 643
709 576
468 82
16 307
79 888
460 718
724 387
616 524
834 479
728 70
880 820
217 455
571 528
19 697
62 761
984 415
141 246
734 207
790 237
666 439
387 330
306 262
414 288
362 113
561 549
719 95
338 6
201 37
456 69
992 119
797 914
580 262
240 525
860 54
73 732
39 544
276 423
258 630
261 437
428 170
894 461
772 369
843 629
915 953
954 913
480 552
778 67
851 523
390 133
837 548
472 616
32 431
826 343
591 597
629 642
7 900
981 755
697 226
181 945
57 131
994 932
816 752
378 449
406 948
221 789
517 856
317 290
483 6
467 653
708 565
394 573
808 719
899 536
164 570
274 422
396 716
75 222
903 181
792 646
925 630
231 20
74 410
844 362
575 746
563 242
785 92
501 560
92 554
202 38
314 604
886 670
743 453
836 697
856 23
433 378
181 755
805 226
3 184
4 391
245 501
972 264
128 647
765 694
436 619
856 662
559 324
282 400
157 772
966 462
418 720
71 750
590 618
735 519
538 193
847 121
426 807
10 550
965 14
77 510
429 449
586 836
436 506
715 936
277 125
337 162
951 205
314 242
851 457
263 207
140 538
626 635
120 428
51 874
747 761
253 336
717 481
59 539
794 602
997 113
781 900
104 992
432 951
995 400
190 242
907 678
858 184
696 851
806 424
238 222
609 986
96 755
302 891
765 727
802 323
38 145
440 128
155 663
263 800
14 222
416 121
401 235
754 219
495 100
145 51
691 758
963 637
540 103
517 645
188 324
892 444
415 623
17 436
678 35
192 958
283 489
66 923
451 923
568 329
145 8
809 33
786 106
767 278
786 275
112 212
538 400
923 214
905 615
925 534
946 77
529 51
89 708
399 953
607 270
866 916
650 857
942 481
304 405
231 42
452 789
715 665
603 856
235 316
394 133
735 635
629 228
975 8
696 637
641 724
186 251
115 787
794 506
465 320
29 607
926 727
380 693
471 238
219 881
115 128
243 119
284 947
985 810
90 974
453 560
917 97
896 36
388 625
297 988
449 613
46 577
189 704
931 285
626 927
719 730
798 207
327 735
380 10
253 372
321 456
720 375
411 606
506 580
536 105
829 956
151 656
560 351
320 660
726 300
893 309
859 205
844 159
995 285
133 118
116 722
375 39
911 59
270 177
381 754
844 238
831 219
332 474
815 479
265 279
822 955
803 787
734 517
757 684
539 489
556 585
685 438
856 659
285 637
507 821
770 735
865 731
576 530
188 360
226 919
463 934
17 909
970 310
576 209
667 506
977 710
11 485
182 741
790 484
882 637
39 912
123 611
217 490
515 847
753 744
771 473
370 972
562 462
122 297
298 126
753 633
93 248
809 319
22 188
207 112
923 291
214 916
969 417
509 360
459 215
831 783
776 543
525 444
947 470
749 926
680 187
419 209
461 854
46 272
515 267
573 513
813 18
194 738
943 755
822 480
788 688
385 227
428 199
104 404
287 780
471 99
39 389
406 683
594 18
277 138
102 773
730 754
668 475
646 988
133 807
216 739
391 512
17 935
698 374
795 720
165 456
721 200
596 812
688 415
394 518
510 186
183 112
126 998
66 187
212 267
748 579
751 562
991 99
539 354
941 36
942 605
445 411
230 915
658 108
382 558
827 687
573 483
649 887
679 535
154 430
212 88
654 371
211 438
98 323
245 16
942 430
620 188
801 894
469 728
420 444
685 504
98 306
853 578
880 864
194 737
825 542
651 441
242 501
232 655
897 793
478 680
580 496
796 725
598 873
605 67
686 252
174 464
949 598
146 869
515 500
838 681
974 59
977 373
650 341
500 646
654 969
548 372
732 505
626 596
220 261
59 641
91 334
245 886
627 66
829 770
963 68
241 284
480 920
467 942
855 195
406 325
498 788
175 983
636 466
375 126
472 903
689 437
610 757
306 674
5 115
668 469
635 810
212 412
703 618
678 858
113 576
358 728
424 697
351 6
777 123
317 402
9 961
304 991
526 862
13 953
160 83
769 975
78 885
140 430
716 207
226 95
89 461
717 755
245 210
942 744
815 90
308 536
343 986
2 206
719 367
518 782
321 524
801 794
827 515
433 490
443 17
575 856
802 728
361 376
452 833
879 986
663 485
810 875
638 343
256 199
889 803
194 699
600 426
653 352
37 651
77 334
538 992
337 161
263 185
619 279
582 409
361 43
952 607
471 186
453 603
220 378
578 836
137 666
232 280
160 725
547 963
265 159
629 579
980 787
301 585
614 647
360 27
556 34
594 365
171 452
501 800
997 112
674 53
342 431
829 876
215 903
539 881
332 209
928 622
764 204
489 570
664 498
777 181
783 698
599 226
971 379
720 57
204 106
242 309
482 260
411 768
502 490
43 30
518 287
665 889
449 230
89 15
950 874
666 953
645 597
153 746
635 20
670 629
466 667
804 527
696 144
363 94
206 547
93 199
207 456
812 798
815 137
989 818
892 556
416 695
148 922
442 699
194 251
49 619
892 643
397 177
395 806
534 904
657 5
487 46
477 116
206 451
927 374
430 186
268 49
488 211
684 617
97 65
351 732
748 352
698 573
935 824
790 5
884 928
480 38
506 603
230 118
404 823
863 738
335 793
798 387
672 787
358 394
50 603
91 269
533 862
21 42
577 874
617 837
263 157
660 343
934 349
591 377
584 233
965 404
487 976
56 962
733 920
538 742
279 964
730 654
233 878
275 401
338 964
405 542
179 297
998 439
547 733
42 287
225 899
271 106
150 957
564 303
178 606
609 880
824 148
401 325
388 69
431 481
94 357
683 824
80 275
902 602
482 411
268 514
160 411
531 124
961 645
791 694
829 383
446 689
505 219
540 787
58 845
117 302
501 143
672 405
276 686
506 247
422 863
736 728
773 761
770 46
246 253
193 487
139 228
657 80
827 608
520 856
925 863
529 30
230 866
409 168
638 397
486 910
983 23
989 61
37 400
224 249
617 630
120 954
652 179
288 201
13 359
457 869
495 805
121 593
980 407
784 138
513 460
371 79
625 864
681 534
520 660
558 428
816 315
339 502
245 554
471 141
608 957
400 530
662 350
401 939
758 695
154 545
175 981
280 119
134 118
245 913
458 178
492 674
310 855
774 166
567 373
94 773
534 614
169 722
100 446
891 413
70 778
732 9
755 378
999 593
614 946
838 791
158 421
381 548
826 403
811 77
872 695
359 897
424 734
53 595
344 277
752 434
77 452
218 498
481 652
423 609
706 258
322 340
765 992
169 63
849 326
703 446
550 39
183 522
627 880
886 207
65 367
469 389
914 274
221 356
294 752
245 110
338 448
155 154
283 321
982 589
936 117
574 395
671 535
856 172
505 322
549 247
933 360
936 4
19 808
934 529
746 743
400 961
220 194
79 9
135 875
28 729
82 741
895 427
382 122
310 503
685 153
943 545
864 68
480 349
559 625
12 468
968 482
591 128
405 771
655 969
386 142
854 978
158 965
305 439
431 593
93 560
367 81
136 815
423 483
426 389
129 956
413 137
695 279
823 834
70 921
349 983
355 646
854 700
916 471
439 714
88 142
599 104
232 106
413 427
824 366
972 926
989 792
96 745
84 112
191 202
806 285
366 356
204 71
556 748
522 940
816 577
928 139
583 709
51 460
852 43
569 143
697 450
256 520
773 125
479 92
284 94
490 935
128 372
915 484
985 1000
688 666
423 895
424 971
352 955
574 250
343 214
285 725
588 786
494 853
338 533
895 779
383 103
774 998
459 607
433 376
269 978
515 902
518 783
957 293
634 402
266 680
709 324
691 201
641 556
872 46
608 569
352 487
463 477
379 926
748 381
935 791
936 143
942 165
287 16
552 447
275 952
516 538
723 54
651 309
649 134
376 203
802 955
822 318
96 218
615 205
696 961
158 33
824 701
362 644
290 105
58 253
793 326
267 744
266 462
87 122
489 287
367 218
997 127
927 900
881 670
842 876
938 367
649 272
691 941
769 671
247 406
673 123
234 783
592 117
613 769
198 310
605 913
642 52
341 63
326 301
18 114
735 131
999 526
268 750
485 880
252 605
308 735
492 76
638 994
991 442
706 310
139 667
303 996
736 829
143 527
148 923
921 669
758 450
355 429
50 389
644 887
89 278
499 566
260 632
605 454
933 351
884 643
836 558
547 469
1 489
991 638
408 405
708 644
990 418
483 968
176 800
174 303
486 205
141 542
955 148
866 615
81 997
779 356
391 90
528 164
859 658
845 923
336 693
978 252
449 970
871 843
674 261
766 103
806 782
149 213
722 249
153 274
211 516
379 486
987 231
702 606
519 124
78 212
46 950
823 650
24 444
246 997
727 110
512 101
125 824
143 137
43 109
431 642
547 685
342 59
750 420
169 919
354 397
261 79
565 17
730 582
14 184
994 332
80 276
977 538
374 234
798 536
450 698
882 665
331 229
244 642
61 980
40 796
389 973
317 181
415 589
531 236
352 611
925 572
252 976
515 800
773 760
264 634
27 970
890 94
528 693
478 257
482 988
835 960
286 724
892 791
474 426
897 529
255 241
439 494
62 851
468 398
258 476
297 610
980 289
74 487
658 605
145 566
633 131
118 629
746 930
235 427
236 896
466 382
630 208
304 96
250 804
384 136
8 379
497 529
918 821
911 476
506 801
954 9
209 54
509 795
312 329
185 189
737 763
45 473
926 98
238 442
702 453
208 121
218 46
769 342
711 698
522 38
890 869
483 158
857 397
626 242
610 186
389 254
891 250
30 736
80 68
569 114
308 450
929 167
534 816
367 609
815 509
467 611
428 811
287 291
913 397
147 821
854 301
691 304
820 468
469 162
255 337
792 685
230 913
526 98
161 962
60 866
548 676
312 594
91 819
142 282
698 265
679 529
169 472
27 982
781 193
729 304
234 639
407 650
580 845
961 965
981 394
641 967
57 170
425 512
616 813
871 463
7 287
101 576
193 669
514 145
607 614
846 298
741 560
637 767
231 850
380 648
132 899
405 145
746 41
712 921
766 44
488 704
348 349
519 422
172 368
23 695
176 214
2 590
663 903
399 860
390 233
618 510
837 656
271 798
609 721
702 534
673 892
581 667
307 554
254 589
538 590
885 821
872 396
160 792
354 450
12 1000
535 816
312 50
220 843
494 286
207 803
941 805
48 988
820 138
623 327
78 740
900 226
562 961
869 707
251 148
256 696
740 368
501 292
174 357
804 533
550 241
697 675
420 582
464 970
304 831
855 758
515 747
992 652
141 556
952 205
213 818
978 578
80 649
546 926
429 890
856 26
250 297
382 810
308 905
936 82
511 130
166 603
179 924
308 824
645 647
685 474
592 169
641 604
41 437
680 230
365 970
150 158
633 202
372 26
252 652
514 117
560 923
232 636
84 517
802 952
487 712
594 182
135 108
157 468
763 938
219 135
880 763
522 442
965 314
335 549
46 552
160 727
747 621
31 316
881 947
555 446
29 753
424 501
498 453
67 104
893 204
531 569
94 819
829 804
793 502
885 664
389 387
781 897
746 446
824 412
146 760
328 747
627 465
4 750
885 777
872 488
946 851
817 601
671 386
109 825
307 951
547 51
810 227
464 362
997 336
53 200
591 840
744 945
686 948
263 797
93 399
863 328
810 68
740 389
672 173
770 758
41 402
874 699
320 375
174 662
692 215
454 42
291 598
881 170
9 384
616 425
377 507
30 869
74 445
644 993
444 31
890 59
495 700
903 741
407 96
819 490
378 646
143 812
19 754
918 482
504 208
552 126
291 146
292 185
6 635
465 667
49 420
857 637
362 37
662 86
244 1
917 396
497 667
305 284
306 559
550 778
720 701
93 853
295 441
153 352
281 347
208 197
970 617
241 623
59 858
298 766
461 98
281 452
918 265
521 273
2 566
392 454
638 781
111 151
797 490
391 537
62 723
215 949
454 663
669 208
835 216
532 216
91 888
610 712
534 954
955 723
355 959
52 69
881 411
460 226
298 197
356 467
251 239
53 349
477 609
424 371
464 628
925 281
677 424
715 237
290 784
558 677
164 986
43 552
356 561
142 140
610 780
832 318
939 626
251 442
439 506
623 706
89 541
535 316
312 550
291 71
246 243
856 35
769 643
676 502
308 978
438 513
540 391
944 145
396 13
179 935
329 118
224 268
477 86
999 241
323 592
639 94
508 716
914 609
2 39
819 328
993 56
44 430
675 276
16 151
131 742
461 851
382 431
940 775
375 674
563 536
897 988
315 355
978 225
229 425
727 446
747 420
286 32
966 582
661 28
735 505
537 230
703 689
319 184
51 822
555 390
383 801
521 570
208 235
45 472
226 667
272 892
973 60
725 939
980 964
53 110
275 28
593 105
212 602
940 474
446 23
730 898
363 695
860 513
882 73
720 116
227 132
51 498
21 135
470 504
555 66
494 498
647 626
906 440
156 15
29 311
711 319
507 869
809 819
23 848
665 823
752 259
860 982
203 509
369 981
133 410
725 80
709 955
177 112
625 228
454 206
113 456
4 137
443 699
997 697
620 409
767 346
398 897
973 819
173 511
636 595
514 477
952 530
597 872
581 403
47 267
219 766
416 990
130 69
224 296
211 18
497 383
287 169
897 749
898 94
353 997
278 880
525 477
465 406
383 641
776 653
505 531
732 214
144 343
898 289
81 812
561 26
944 494
84 593
693 557
162 423
272 555
370 258
651 233
335 576
879 391
607 916
298 694
81 206
523 51
414 224
826 224
849 193
150 686
617 61
930 130
170 267
661 274
579 121
47 695
543 722
674 159
569 435
471 727
474 169
612 503
171 251
119 193
691 960
323 452
942 819
70 542
143 486
113 57
369 151
521 18
577 441
963 645
105 685
458 327
386 744
596 545
619 640
467 495
969 593
697 674
613 606
526 127
361 801
86 438
126 739
795 133
274 324
994 87
830 977
679 597
248 621
728 183
562 648
756 470
990 27
728 160
774 221
227 717
301 302
782 775
931 715
149 650
351 596
851 442
714 863
499 378
282 412
432 257
153 994
642 396
575 547
595 404
832 802
45 971
926 620
659 623
698 919
17 216
707 607
589 543
236 969
166 996
318 591
447 297
988 963
810 407
594 70
79 434
232 283
551 564
509 849
664 168
721 841
404 483
816 35
637 85
431 906
858 354
968 254
570 30
190 500
594 360
91 139
