9

3 3 3
-28 -11 8 28 -27 -26 3 25 23 -22 -25 25 32 -1 21 -29 11 -10 10 -20 11 -4 32 24 10 15 -26

2 3 3
21 -39 4 -39 4 -44 1 -32 -25 -35 2 17 6 10 2 -12 -22 35

1 2 2
-38 40 21 -34

1 1 1 
-5 

1 1 1
2147483648

2 2 2
-1 2 0 -3 -2 -1 1 5

2 2 2
-1 2 0 -3 -2 -1 1 5

2 2 2
-1 2 0 -3 -2 -1 1 5

5 5 3
213 2123 512312 5 -4123 -40040 0022 -21232 1 123211 -99999 132312 1023 10 -094095  69530 -34 3231 5132 -93999 -4404040 -04040 -049112 99912 242323 95123 5322 2 -9199319 -19239 1233 -12323 -5555 -23211 20023 -123235 -1234 6678 6647 -01919 0 0 0 0 0 0 2423 349 -1 -1 -1 -1 9492 123 555 132 12356 0 9 123 6 2309 03050 2342 887 443 -4564 1234 -9585 -1235 -0604 -91239 -123 -653 -5323