0,0,0 a 0,0,0 = -28
0,0,0 a 0,0,1 = -39
0,0,0 a 0,0,2 = -31
0,0,0 a 0,1,0 = 0
0,0,0 a 0,1,1 = -38
0,0,0 a 0,1,2 = -56
0,0,0 a 0,2,0 = 3
0,0,0 a 0,2,1 = -10
0,0,0 a 0,2,2 = -5
0,0,0 a 1,0,0 = -50
0,0,0 a 1,0,1 = -86
0,0,0 a 1,0,2 = -53
0,0,0 a 1,1,0 = 10
0,0,0 a 1,1,1 = -54
0,0,0 a 1,1,2 = -26
0,0,0 a 1,2,0 = -16
0,0,0 a 1,2,1 = -44
0,0,0 a 1,2,2 = -3
0,0,0 a 2,0,0 = -40
0,0,0 a 2,0,1 = -96
0,0,0 a 2,0,2 = -52
0,0,0 a 2,1,0 = 16
0,0,0 a 2,1,1 = -36
0,0,0 a 2,1,2 = 27
0,0,0 a 2,2,0 = 0
0,0,0 a 2,2,1 = -1
0,0,0 a 2,2,2 = 49


0,0,1 a 0,0,1 = -11
0,0,1 a 0,0,2 = -3
0,0,1 a 0,1,1 = -38
0,0,1 a 0,1,2 = -56


0,0,1 a 0,2,1 = -13
0,0,1 a 0,2,2 = -8
0,0,1 a 1,0,1 = -36
0,0,1 a 1,0,2 = -3
0,0,1 a 1,1,1 = -64
0,0,1 a 1,1,2 = -36
0,0,1 a 1,2,1 = -28
0,0,1 a 1,2,2 = 13
0,0,1 a 2,0,1 = -56
0,0,1 a 2,0,2 = -12
0,0,1 a 2,1,1 = -52
0,0,1 a 2,1,2 = 11
0,0,1 a 2,2,1 = -1
0,0,1 a 2,2,2 = 49
0,0,2 a 0,0,2 = 8
0,0,2 a 0,1,2 = -18
0,0,2 a 0,2,2 = 5
0,0,2 a 1,0,2 = 33
0,0,2 a 1,1,2 = 28
0,0,2 a 1,2,2 = 41
0,0,2 a 2,0,2 = 44
0,0,2 a 2,1,2 = 63
0,0,2 a 2,2,2 = 50
0,1,0 a 0,1,0 = 28
0,1,0 a 0,1,1 = 1
0,1,0 a 0,1,2 = -25
0,1,0 a 0,2,0 = 31
0,1,0 a 0,2,1 = 29
0,1,0 a 0,2,2 = 26
0,1,0 a 1,1,0 = 60
0,1,0 a 1,1,1 = 32
0,1,0 a 1,1,2 = 27
0,1,0 a 1,2,0 = 34
0,1,0 a 1,2,1 = 42
0,1,0 a 1,2,2 = 50
0,1,0 a 2,1,0 = 56
0,1,0 a 2,1,1 = 60
0,1,0 a 2,1,2 = 79
0,1,0 a 2,2,0 = 40
0,1,0 a 2,2,1 = 95
0,1,0 a 2,2,2 = 101
0,1,1 a 0,1,1 = -27
0,1,1 a 0,1,2 = -53
0,1,1 a 0,2,1 = -2
0,1,1 a 0,2,2 = -5
0,1,1 a 1,1,1 = -28
0,1,1 a 1,1,2 = -33
0,1,1 a 1,2,1 = 8
0,1,1 a 1,2,2 = 16
0,1,1 a 2,1,1 = 4
0,1,1 a 2,1,2 = 23
0,1,1 a 2,2,1 = 55
0,1,1 a 2,2,2 = 61
0,1,2 a 0,1,2 = -26
0,1,2 a 0,2,2 = -3
0,1,2 a 1,1,2 = -5
0,1,2 a 1,2,2 = 8
0,1,2 a 2,1,2 = 19
0,1,2 a 2,2,2 = 6
0,2,0 a 0,2,0 = 3
0,2,0 a 0,2,1 = 28
0,2,0 a 0,2,2 = 51
0,2,0 a 1,2,0 = -26
0,2,0 a 1,2,1 = 10
0,2,0 a 1,2,2 = 23
0,2,0 a 2,2,0 = -16
0,2,0 a 2,2,1 = 35
0,2,0 a 2,2,2 = 22
0,2,1 a 0,2,1 = 25
0,2,1 a 0,2,2 = 48
0,2,1 a 1,2,1 = 36
0,2,1 a 1,2,2 = 49
0,2,1 a 2,2,1 = 51
0,2,1 a 2,2,2 = 38
0,2,2 a 0,2,2 = 23
0,2,2 a 1,2,2 = 13
0,2,2 a 2,2,2 = -13
1,0,0 a 1,0,0 = -22
1,0,0 a 1,0,1 = -47
1,0,0 a 1,0,2 = -22
1,0,0 a 1,1,0 = 10
1,0,0 a 1,1,1 = -16
1,0,0 a 1,1,2 = 30
1,0,0 a 1,2,0 = -19
1,0,0 a 1,2,1 = -34
1,0,0 a 1,2,2 = 2
1,0,0 a 2,0,0 = -12
1,0,0 a 2,0,1 = -57
1,0,0 a 2,0,2 = -21
1,0,0 a 2,1,0 = 16
1,0,0 a 2,1,1 = 2
1,0,0 a 2,1,2 = 83
1,0,0 a 2,2,0 = -3
1,0,0 a 2,2,1 = 9
1,0,0 a 2,2,2 = 54
1,0,1 a 1,0,1 = -25
1,0,1 a 1,0,2 = 0
1,0,1 a 1,1,1 = -26
1,0,1 a 1,1,2 = 20
1,0,1 a 1,2,1 = -15
1,0,1 a 1,2,2 = 21
1,0,1 a 2,0,1 = -45
1,0,1 a 2,0,2 = -9
1,0,1 a 2,1,1 = -14
1,0,1 a 2,1,2 = 67
1,0,1 a 2,2,1 = 12
1,0,1 a 2,2,2 = 57
1,0,2 a 1,0,2 = 25
1,0,2 a 1,1,2 = 46
1,0,2 a 1,2,2 = 36
1,0,2 a 2,0,2 = 36
1,0,2 a 2,1,2 = 81
1,0,2 a 2,2,2 = 45
1,1,0 a 1,1,0 = 32
1,1,0 a 1,1,1 = 31
1,1,0 a 1,1,2 = 52
1,1,0 a 1,2,0 = 3
1,1,0 a 1,2,1 = 13
1,1,0 a 1,2,2 = 24
1,1,0 a 2,1,0 = 28
1,1,0 a 2,1,1 = 59
1,1,0 a 2,1,2 = 104
1,1,0 a 2,2,0 = 9
1,1,0 a 2,2,1 = 66
1,1,0 a 2,2,2 = 75
1,1,1 a 1,1,1 = -1
1,1,1 a 1,1,2 = 53
1,1,1 a 1,2,1 = -23
1,1,1 a 1,2,2 = 21
1,1,1 a 2,1,1 = 31
1,1,1 a 2,1,2 = 120
1,1,1 a 2,2,1 = 13
1,1,1 a 2,2,2 = 66
1,1,2 a 1,1,2 = 54
1,1,2 a 1,2,2 = 11
1,1,2 a 2,1,2 = 89
1,1,2 a 2,2,2 = 9
1,2,0 a 1,2,0 = -29
1,2,0 a 1,2,1 = -18
1,2,0 a 1,2,2 = -28
1,2,0 a 2,2,0 = -19
1,2,0 a 2,2,1 = 7
1,2,0 a 2,2,2 = -29
1,2,1 a 1,2,1 = -17
1,2,1 a 1,2,2 = 1
1,2,1 a 2,2,1 = -37
1,2,1 a 2,2,2 = -10
1,2,2 a 1,2,2 = -10
1,2,2 a 2,2,2 = -36
2,0,0 a 2,0,0 = 10
2,0,0 a 2,0,1 = -10
2,0,0 a 2,0,2 = 1
2,0,0 a 2,1,0 = 6
2,0,0 a 2,1,1 = 18
2,0,0 a 2,1,2 = 53
2,0,0 a 2,2,0 = 16
2,0,0 a 2,2,1 = 43
2,0,0 a 2,2,2 = 52
2,0,1 a 2,0,1 = -20
2,0,1 a 2,0,2 = -9
2,0,1 a 2,1,1 = 12
2,0,1 a 2,1,2 = 47
2,0,1 a 2,2,1 = 27
2,0,1 a 2,2,2 = 36
2,0,2 a 2,0,2 = 11
2,0,2 a 2,1,2 = 35
2,0,2 a 2,2,2 = 9
2,1,0 a 2,1,0 = -4
2,1,0 a 2,1,1 = 28
2,1,0 a 2,1,2 = 52
2,1,0 a 2,2,0 = 6
2,1,0 a 2,2,1 = 53
2,1,0 a 2,2,2 = 51
2,1,1 a 2,1,1 = 32
2,1,1 a 2,1,2 = 100
2,1,1 a 2,2,1 = 3
2,1,1 a 2,2,2 = 45
2,1,2 a 2,1,2 = 68
2,1,2 a 2,2,2 = -2
2,2,0 a 2,2,0 = 10
2,2,0 a 2,2,1 = 25
2,2,0 a 2,2,2 = -1
2,2,1 a 2,2,1 = -48
2,2,1 a 2,2,2 = -11
2,2,2 a 2,2,2 = -26
120
