5
-1
4
-2
-1
0
0
0
1
5
0
-1
0
-1
0
0
0
0
0
0
5
-1
0
1
0
0
0
1
0
2
1
1
0
0
IDENTITY
1
0
3
0
0
-1
0
0
0
0
9
0
0
1
2
3
0
19
-18
-50
-1
0
1
9
0
0
4471
0
-1
-1
0
0
0
-7
1
1
0
22
0
5
-3
-2
20
0
1
-1
5
0
IDENTITY
6
-2
0
0
0
-3
0
1
0
-7
-1
-1
-1
0
0
0
0
-1
2
0
1
0
6
0
0
-17
0
0
0
0
0
-1
0
4
-3
0
0
-4
2
0
0
0
0
-3
-2
0
0
0
0
2
1
2
0
-6
0
0
-1
-4
0
0
0
2
0
2
3
0
-2
-1
7
0
0
-2
12
0
0
0
0
0
0
0
1
-1
0
-1
3
-1
0
0
0
-1
0
-8
0
-1
26
0
0
0
0
0
-2
-1
0
-1
-1
IDENTITY
0
1
0
-2
0
5
0
0
2
0
4
0
-24
0
-1
0
1
2
3
0
2
0
0
0
-20
0
-1
2
0
0
-1
-27
-1
0
-91
16
0
0
0
1
4
5
0
1
-2
-3
2
0
0
0
0
0
0
1
0
5
0
5
-3
IDENTITY
IMPOSSIBLE
-1
0
-3
0
0
10
15
16
0
-1
0
1
2
-2
0
1
5
-3
1
0
0
0
0
0
0
1
0
0
0
0
3
0
0
0
0
24
-12
-8
21
1
-1
-2
0
-5
-2
1
0
1
0
2
-2
-1
0
-46
0
0
0
0
-4
0
1
-1
2
2
0
0
1
7
0
31
2
0
0
0
0
0
0
6
-3
0
-1
0
-15
0
60
0
0
1
1
-2
-1
-7
-1
0
0
0
0
0
1
0
0
5
-6
0
3
-2
0
-34
0
-4
-1
-2
0
0
-1
1
17
0
0
0
-2
-2
0
0
0
-3
-2
-2
0
0
0
1
0
0
0
-1
0
IDENTITY
-3
1
-4
0
0
-6
3
0
1
-4
0
0
0
0
-3
-32
0
0
2
-1
0
0
0
0
-4
-11
0
0
0
0
0
0
3
0
9
0
0
-2
0
2
1
0
0
2
-1
-27
0
-2
5
0
-1
-1
-2
-1
-1
0
-1
0
0
-1
-2
1
6
0
0
0
-2
1
11
0
-1
0
-1
0
0
0
1
-1
0
3
-6
0
1
0
3
0
0
0
0
0
-6
1
0
0
0
-1
-2
0
0
0
0
3
0
0
0
0
0
1
-5
5
0
0
0
1
1
-3
0
38
-1
1
22
0
0
0
0
0
7
0
0
-1
0
0
0
0
0
0
0
0
-9
-7
-2
1
0
0
1
0
-2
0
1
-4
1
0
0
0
-5
0
3
0
-5
2
2
-18
-1
1
0
1
4
0
-4
0
1
0
4
0
IDENTITY
IMPOSSIBLE
-49
0
12
0
-1
0
0
6
0
-6
-36
-1
0
-3
3
3
0
0
0
0
-6
0
0
0
-1
-21
0
-2
0
0
3
-1
0
0
-1
0
0
2
0
0
0
0
4
0
6
-1
0
0
0
0
1
0
0
0
0
0
0
0
8
-3
1
0
-2
-6
-1
0
1
-121
0
4
0
0
-1
0
-2
0
-3
0
0
0
0
0
0
-3
-1
0
1
0
0
0
3
1
-9
0
-3
0
-1
2
-1
0
0
0
-14
0
1
0
0
-61
0
5
0
0
0
0
-1
-1
3
0
20
1
-3
0
0
1
0
0
0
-3
0
2
0
0
1
0
0
0
0
0
0
1
0
5
7
1
-2
0
0
0
0
-1
1
13
-25
0
0
2
0
0
0
1
-6
0
-1
4
21
-1
-1
0
0
0
0
0
-2
0
0
-8
0
0
2
1
0
0
0
0
0
60
0
0
0
0
-3
18
0
-5
-2
0
-7
1
-32
0
1
0
0
0
0
1
0
29
-1
0
-1
1
-1
0
0
0
0
0
-3
11
0
0
3
-1
1
-1
0
6
1
0
0
-1
3
20
0
1
0
-1
1
0
1
0
0
0
4
-11
0
IMPOSSIBLE
-1
1
-4
0
0
-2
0
-1
0
0
0
1
0
1
3
1
1
2
0
0
0
-1
-3
0
-3
1
0
1
0
0
0
3
0
0
1
1
-3
0
0
0
3
0
0
0
-1
-5
0
-16
-2
6
0
0
0
0
0
-6
1
-16
3
0
1
0
6
-1
4
3
1
0
-24
IMPOSSIBLE
1
0
0
0
0
0
2
3
0
0
-5
4
12
0
0
-12
0
0
8
-2
5
0
0
2
-2
0
1
1
0
-1
-136
0
0
7
0
5
0
0
1
-2
0
0
-17
0
8
0
-37
-1
-1
0
0
36
0
0
0
4
1
-1
-8
0
3
0
1
0
2
2
IMPOSSIBLE
0
-3
0
0
0
2
0
-1
0
-3
0
-2
0
0
-2
4
1
-1
2
-2
0
1
0
0
-2
-3
0
3
0
0
0
0
1
-1
-4
1
0
0
0
3
0
0
2
15
0
3
0
1
0
-1
