58869
950372
247947
912334
50636
770287
258753
106362
823045
919507
954974
518743
354864
964949
772231
981996
331888
929819
418637
512077
233701
555292
520754
805245
510937
885682
746908
655261
275280
366445
478270
446651
946615
107149
603802
503837
484020
908908
228534
564953
297122
31041
977345
191399
585345
563637
241974
389523
708678
586616
80182
165524
321440
126686
532742
156941
278874
173353
949364
860018
891678
772944
415590
331436
827118
434708
600365
557179
942079
741616
328588
980375
515345
246939
815697
930698
753785
305597
928862
925946
80737
623621
919272
21535
537267
834726
931253
538995
724854
450617
107756
635812
974020
11613
405818
303339
921328
254471
202781
414554
428323
502614
495492
519014
675930
424191
891977
71765
454346
648354
771396
759661
21397
570374
812000
548664
525330
985447
692458
968774
762834
967885
59807
70697
122822
646910
873203
296646
762426
249039
968018
369105
593881
959535
143317
70153
281823
792404
242239
546382
425475
795837
596002
501840
164480
487889
793222
345420
842327
483934
100293
10359
887912
804657
856395
809866
879967
335063
989806
286098
753907
365354
237260
588007
327146
107708
888790
452423
754183
428776
