100
2 001
4 32162
6 0000001
6 0000003
3 1201
6 0050001
6 0212201
2 851
4 66988
2 981
6 0000001
6 5889417
6 3004001
6 0000001
6 5086302
0 1
6 0002041
5 201101
6 0000001
1 09
6 5769504
6 0000001
2 301
6 2002121
3 3434
5 110011
1 01
6 1111111
4 90007
6 8978239
4 00001
6 2022201
5 000006
6 6676021
6 9999999
2 022
2 112
6 6752509
6 0000005
4 00001
6 1112221
6 4000901
1 11
6 2880631
4 70601
3 1111
6 2022201
2 594
6 3000001
6 0000011
6 8007009
6 5041008
4 00071
5 666314
6 2748169
2 008
1 01
6 1102211
2 001
4 11111
4 12212
4 01201
6 9000001
5 201102
3 7079
6 0304101
6 0500001
3 2021
6 7700011
6 0000001
6 0060001
0 9
6 6000005
4 00201
1 03
0 2
4 32001
4 80061
6 4000901
6 9246406
6 1111202
6 2011021
1 13
6 0907001
1 01
4 00081
5 300011
6 0168113
6 0200202
0 1
6 5543797
6 5960001
6 8000121
6 0010001
6 6000001
6 5621541
6 1121011
6 0002401
6 0100661
6 3704027
