943 2744
637 198
375 356
935 443
27 816
247 225
858 587
659 662
894 606
418 655
147 453
611 942
334 252
83 646
413 318
517 749
311 105
631 885
118 487
776 157
915 53
487 360
329 652
660 428
887 81
742 811
292 711
785 543
808 574
671 63
709 136
30 262
106 479
487 387
291 236
917 91
540 599
749 370
623 681
275 864
599 822
8 463
264 516
232 128
899 875
491 31
625 832
512 105
113 175
388 743
316 433
893 585
32 632
677 269
346 543
334 261
439 53
388 195
300 861
598 714
13 746
711 471
820 315
473 912
517 735
844 641
937 97
331 869
737 732
257 39
314 519
112 229
919 38
210 692
68 700
362 664
290 338
705 625
333 272
935 695
355 255
388 637
761 509
43 586
356 326
503 907
549 263
533 61
922 139
174 308
195 593
141 928
827 599
301 207
512 562
570 360
590 288
850 479
557 489
333 852
856 319
527 236
254 832
607 50
207 96
757 60
862 263
485 148
378 619
89 257
516 2
724 365
157 210
89 690
60 456
848 705
65 102
925 835
107 633
73 230
399 591
751 538
80 558
758 247
691 912
122 224
784 547
378 437
553 919
723 270
151 538
524 605
100 575
671 853
341 248
767 523
627 723
113 444
647 518
730 455
89 41
547 895
161 723
518 753
832 604
870 78
466 128
230 233
568 18
353 530
754 445
409 736
29 727
710 408
839 793
916 209
112 83
717 863
173 514
543 466
272 502
69 433
180 1
437 670
114 317
480 453
362 937
97 153
813 579
11 28
727 119
843 538
571 625
788 233
592 794
310 637
902 480
544 829
613 124
603 768
382 652
499 73
634 322
840 477
273 858
152 436
82 790
344 699
826 188
683 349
321 444
31 899
627 392
738 710
98 243
9 207
394 435
899 658
514 278
77 157
692 930
150 555
415 782
818 585
534 822
630 539
297 296
905 150
869 888
803 169
478 504
211 722
877 664
180 504
738 705
502 743
909 702
539 672
370 352
885 212
390 680
798 835
126 898
939 750
139 82
163 207
642 573
131 621
724 511
709 786
144 594
323 328
697 594
532 585
646 667
716 840
78 919
374 126
312 497
19 487
422 586
922 73
39 903
190 604
467 642
641 170
257 722
616 163
641 941
238 77
113 22
64 543
670 531
283 831
35 804
418 455
190 163
89 455
533 585
42 122
117 934
800 834
196 349
889 515
152 400
703 240
835 749
580 507
267 58
766 458
440 395
96 637
197 488
369 658
235 645
430 464
268 93
206 609
190 170
46 96
525 520
621 819
195 752
710 524
25 427
389 683
678 862
881 418
898 192
756 898
178 1
414 891
809 814
516 678
702 35
633 592
357 450
790 582
76 221
81 731
336 178
463 465
379 922
198 712
327 492
522 281
716 708
49 22
910 928
253 739
110 649
612 843
867 303
67 867
601 868
213 118
107 681
475 880
525 94
385 616
244 454
531 779
179 926
473 730
293 708
868 563
280 60
746 710
858 489
768 785
34 672
608 683
275 259
443 130
762 582
180 249
370 14
298 819
463 129
377 858
13 114
477 101
127 268
585 399
785 701
470 214
371 399
189 428
655 708
435 702
57 343
304 702
765 586
17 833
87 418
737 712
543 157
404 745
796 282
506 569
432 940
237 351
609 620
839 531
220 441
499 730
411 45
547 127
108 548
363 308
914 521
423 296
80 935
283 602
575 331
811 406
206 827
357 437
430 910
470 715
897 318
204 296
223 43
375 714
878 216
437 414
195 288
408 610
942 483
29 36
567 121
95 242
940 512
815 149
691 411
359 882
842 699
776 187
761 355
634 211
24 139
393 314
309 59
850 164
444 136
335 796
836 666
484 55
142 725
417 423
697 162
18 104
787 650
348 153
516 760
254 272
601 574
801 503
68 709
52 831
115 47
26 805
21 911
481 230
827 95
249 770
451 903
72 773
733 923
790 931
754 512
536 755
424 760
227 205
725 129
631 712
467 241
502 756
936 826
684 651
629 715
249 502
619 787
503 313
792 145
206 441
98 843
504 217
718 532
185 488
405 755
28 740
547 260
233 889
874 564
490 246
589 682
149 436
28 477
764 298
503 893
273 596
649 196
616 710
696 884
364 111
115 774
24 508
941 271
879 902
11 771
306 271
513 755
384 415
737 490
35 908
737 558
298 389
315 941
373 233
267 123
291 369
380 936
169 524
690 460
233 778
478 220
433 586
775 94
537 679
664 473
25 814
743 554
139 696
379 393
506 243
232 199
516 924
494 784
80 708
374 314
161 175
383 56
669 890
48 146
374 798
820 909
853 798
587 906
318 245
454 285
347 373
850 612
708 858
893 620
87 698
38 849
853 83
556 790
79 762
522 898
292 861
83 50
321 822
758 777
195 781
748 783
187 685
97 466
794 424
687 423
193 807
33 586
863 412
521 384
751 258
135 602
908 653
195 385
473 359
787 248
402 861
277 261
722 73
160 698
48 24
88 500
879 365
720 806
794 579
134 447
314 228
32 838
18 873
511 20
517 321
900 916
425 166
210 407
529 115
388 662
749 728
604 688
560 860
210 221
147 825
800 458
699 534
39 9
773 608
836 627
835 525
767 592
651 746
147 421
186 574
854 254
372 488
635 328
380 518
164 701
347 609
633 863
941 847
692 107
35 936
252 674
287 534
878 346
537 609
885 769
480 323
522 662
373 658
553 865
576 627
647 248
650 684
443 422
943 895
777 690
600 739
843 81
306 265
494 701
575 33
941 161
464 299
178 130
382 930
77 102
120 653
652 414
264 423
431 398
615 148
358 547
477 498
747 835
895 570
144 28
181 937
717 39
888 257
688 197
836 62
358 883
939 585
395 250
768 933
398 910
722 323
521 595
352 403
834 103
598 441
33 598
676 613
73 373
765 732
168 607
813 113
597 895
747 824
416 803
883 670
62 288
127 282
550 542
771 223
313 347
223 184
498 476
243 534
748 521
305 113
507 342
567 292
219 90
507 104
696 3
695 384
487 346
454 835
565 367
235 203
346 567
83 111
727 814
376 920
505 705
516 512
200 198
936 304
511 928
901 616
847 113
300 661
597 47
99 806
102 733
930 40
860 662
829 140
333 562
215 903
128 385
55 638
820 894
295 369
451 504
15 598
344 584
240 479
261 871
616 10
373 904
323 690
736 370
292 418
757 711
354 753
906 8
302 913
391 117
268 443
326 316
684 133
28 539
913 349
468 933
747 694
900 128
91 771
242 173
751 405
499 179
891 879
363 618
911 650
937 432
457 747
222 31
675 923
13 224
87 717
459 5
761 645
706 30
874 940
786 230
665 680
888 693
351 687
102 339
265 685
503 453
417 268
326 779
128 270
755 305
441 825
940 531
170 722
155 743
615 350
727 821
319 824
469 881
435 641
859 443
263 346
622 505
878 408
203 541
367 299
595 12
466 792
798 569
473 714
846 447
26 538
703 356
524 890
799 432
211 827
857 12
110 227
678 150
796 82
756 613
23 806
250 111
270 618
861 605
404 817
781 604
802 598
233 894
225 340
182 252
455 54
121 184
358 568
922 303
524 47
283 601
70 651
219 300
421 115
688 373
120 226
180 580
663 414
102 250
647 858
815 601
671 883
656 669
652 383
324 315
594 628
275 204
151 609
318 345
780 41
12 131
205 867
773 70
740 399
279 200
200 602
730 808
141 167
630 458
700 382
228 61
374 52
48 651
621 13
492 813
611 11
812 709
232 370
433 122
785 493
273 891
419 59
275 286
330 450
151 638
832 768
634 833
529 413
342 688
128 460
188 603
755 293
365 311
810 196
224 943
371 509
649 194
706 606
673 145
879 335
508 674
749 540
491 481
453 570
864 548
559 367
144 490
437 641
388 526
229 559
713 914
607 213
148 337
403 203
598 442
758 67
637 882
101 560
913 896
660 664
37 851
427 206
230 315
930 740
2 487
637 415
583 71
413 256
930 426
767 524
920 828
315 392
775 139
872 564
114 694
801 738
34 464
91 84
698 500
440 935
368 388
22 204
354 235
101 845
492 592
203 911
647 151
315 797
361 878
199 347
493 495
624 567
374 553
575 413
118 472
65 488
167 194
831 738
52 304
287 892
74 808
938 33
723 752
405 225
851 273
50 378
512 689
89 603
218 203
116 881
11 199
782 369
268 276
825 210
780 329
739 820
918 528
686 123
120 46
855 79
699 931
313 92
719 556
46 208
66 658
200 490
241 194
704 453
229 470
855 358
13 895
446 482
280 739
32 839
714 815
472 398
845 157
239 114
559 69
84 27
419 920
89 894
384 857
403 666
578 20
854 260
753 621
630 288
287 667
208 593
192 315
602 212
711 538
35 640
623 629
438 719
710 25
886 516
540 79
120 536
245 472
193 348
472 800
215 696
257 575
699 832
768 71
183 149
77 434
685 716
431 56
27 834
9 247
122 332
291 217
569 628
118 688
900 447
52 35
274 37
383 645
740 525
339 291
734 722
95 577
888 636
781 647
498 339
373 779
138 384
551 163
22 461
79 729
435 472
908 38
30 726
14 251
217 416
915 265
519 764
95 323
141 546
694 536
18 738
717 78
632 847
10 722
444 757
393 48
431 7
732 539
914 915
932 863
296 879
723 661
914 270
240 655
216 935
751 341
865 47
774 675
260 439
91 321
62 127
559 295
104 305
766 932
195 245
424 713
204 212
60 177
915 740
501 438
674 776
229 172
821 424
404 582
442 42
207 580
613 705
865 511
409 929
175 108
588 500
118 605
293 720
789 699
811 584
919 299
478 610
176 193
71 753
348 557
349 463
11 842
907 913
714 263
533 124
223 49
483 457
708 579
69 731
163 337
400 722
38 78
578 646
667 564
559 514
411 88
748 492
132 780
170 148
481 199
796 538
416 252
312 61
620 504
693 478
822 649
630 907
546 922
376 638
878 382
510 713
594 187
349 853
488 394
781 423
286 528
358 909
381 57
111 912
686 831
525 109
906 725
717 859
807 612
701 684
221 599
321 765
255 513
553 58
845 172
612 649
475 227
922 218
635 632
412 579
931 757
324 749
533 836
622 628
371 87
869 578
66 730
123 919
658 45
181 576
519 571
775 487
462 301
737 129
276 49
352 98
712 706
383 16
701 416
3 469
685 241
120 696
102 13
84 520
527 100
287 917
763 216
535 686
876 772
133 576
858 224
814 20
178 692
747 941
141 406
641 21
633 51
836 739
799 209
362 501
489 347
900 194
416 584
210 705
523 621
263 483
653 396
584 472
272 489
878 836
899 906
201 857
898 607
262 793
443 529
767 116
370 650
119 624
157 744
766 308
624 349
346 841
183 585
573 647
833 774
43 795
355 582
264 92
342 702
257 632
42 209
372 226
29 607
85 546
803 703
326 281
491 161
115 589
371 42
904 592
226 556
784 902
250 885
793 888
77 783
789 895
942 678
355 328
691 482
233 395
69 474
784 474
329 722
399 275
19 106
21 597
470 140
272 797
717 389
935 466
349 342
904 179
248 550
359 587
729 808
217 739
894 743
219 886
278 471
83 637
355 224
305 523
584 341
12 806
469 675
384 80
494 621
777 543
530 394
286 91
17 40
146 387
459 72
875 279
51 258
624 576
165 833
439 358
171 38
83 456
272 456
566 534
938 332
278 494
172 63
580 332
620 299
736 413
807 471
902 793
223 460
5 767
868 425
907 581
213 695
288 429
735 460
721 374
620 918
91 87
630 429
4 456
207 660
372 255
9 771
484 401
906 441
223 884
343 240
408 907
429 214
785 326
36 691
163 781
511 915
663 445
406 270
228 442
766 252
233 382
359 351
451 6
548 885
844 136
772 158
634 686
416 915
270 50
553 9
22 265
153 923
923 139
468 292
567 632
17 497
308 845
332 225
170 273
408 554
864 336
518 461
61 89
890 582
407 760
428 342
540 750
747 560
310 493
244 450
132 433
353 155
27 403
924 131
568 791
398 238
8 559
152 916
905 250
134 740
780 737
527 87
857 278
624 132
60 771
806 309
525 93
231 63
331 682
61 82
337 425
320 623
483 237
502 795
694 80
290 426
132 379
173 830
708 609
143 310
809 718
866 425
573 531
6 892
454 759
644 152
721 176
298 566
207 528
923 893
303 502
766 143
404 62
655 260
232 349
706 915
842 317
420 222
274 833
639 275
307 730
269 634
76 664
449 160
286 135
694 256
625 15
646 819
184 872
886 537
656 796
416 646
684 125
635 796
214 251
762 338
311 817
476 445
315 428
647 615
616 191
381 325
137 234
674 22
440 587
739 740
901 285
284 836
48 709
717 624
168 148
484 815
156 379
929 608
52 753
471 690
2 624
612 92
356 687
395 553
126 22
220 79
494 79
934 457
41 580
446 210
252 5
605 401
89 848
509 658
408 571
82 507
104 489
251 266
911 776
551 703
56 215
311 556
370 885
578 145
301 481
231 469
855 176
819 619
173 913
282 318
526 480
252 173
701 450
18 843
95 55
101 778
728 92
234 627
553 87
516 698
591 904
462 430
104 582
432 205
258 28
153 242
850 568
213 264
267 797
210 262
86 853
134 733
279 56
264 463
266 479
103 622
342 290
233 356
471 100
97 270
43 854
118 270
176 923
580 604
322 259
293 152
113 142
683 435
848 839
616 291
834 230
622 196
26 535
845 73
165 349
941 317
468 15
547 529
880 455
313 798
651 575
430 888
694 453
385 202
843 346
257 531
573 472
811 309
724 868
139 908
158 219
159 550
297 563
492 513
915 499
829 926
540 924
47 577
526 219
547 114
127 564
322 115
470 175
398 388
826 74
438 239
628 158
180 850
277 310
474 108
681 12
476 408
313 477
739 258
817 925
145 898
845 60
646 55
480 932
737 918
349 531
388 645
371 570
323 533
710 628
217 283
91 452
919 166
779 829
409 425
251 443
489 852
402 760
895 393
41 214
152 495
618 366
659 480
916 497
402 212
719 378
25 362
850 653
417 446
375 639
104 676
311 904
539 627
165 654
477 801
497 24
79 72
338 617
744 764
838 282
803 347
271 721
716 437
682 680
682 229
612 553
403 518
100 850
139 745
399 710
770 502
648 369
741 28
90 558
931 57
677 12
715 267
18 569
20 888
330 231
286 223
865 235
868 96
746 139
58 803
476 35
644 286
829 54
648 1
173 434
501 37
428 267
591 239
754 663
574 620
630 601
887 657
638 194
606 43
386 815
783 781
41 849
172 417
527 303
322 858
306 375
643 802
788 185
520 897
675 178
13 380
307 492
164 662
115 874
279 537
619 903
123 33
89 676
731 789
933 497
809 744
221 447
938 601
333 443
391 543
33 540
697 355
588 521
520 219
208 486
830 129
682 32
545 492
357 203
488 673
673 587
583 262
41 16
800 195
221 242
520 535
502 852
123 38
342 713
145 387
847 809
343 901
495 245
26 899
517 788
78 941
745 266
250 459
486 472
611 59
479 331
405 368
765 755
205 710
540 815
321 103
357 470
431 494
487 253
476 370
757 346
334 592
8 119
579 429
122 704
124 617
363 822
547 443
518 814
603 765
341 334
144 902
453 223
291 140
719 212
528 540
256 899
721 923
64 220
407 932
251 432
327 763
657 903
142 257
627 427
725 932
744 808
121 14
909 115
824 331
146 715
418 420
682 937
350 140
596 25
191 169
212 373
631 62
408 770
190 478
561 621
267 742
566 478
677 190
535 901
537 350
101 423
356 462
515 732
490 277
551 415
274 73
910 25
731 732
749 34
143 788
207 256
25 345
151 866
333 891
762 863
191 621
15 617
397 30
880 430
899 657
681 222
298 735
45 322
811 922
610 577
848 539
78 751
542 560
942 309
433 656
693 359
915 789
369 649
540 939
534 276
211 850
912 151
786 39
914 320
124 580
224 855
904 38
98 869
851 289
598 705
11 102
30 812
767 605
163 803
111 546
5 7
626 541
55 686
453 422
511 493
253 706
697 431
367 261
913 656
323 867
375 935
492 236
702 502
558 780
44 191
526 640
855 635
343 493
455 393
775 629
661 105
174 132
249 528
737 549
419 434
390 684
935 271
300 185
912 673
69 313
824 504
255 759
770 441
226 152
169 339
406 735
247 799
28 562
672 859
141 696
642 306
813 880
636 897
643 890
352 604
55 327
666 626
299 145
264 909
329 316
778 331
211 938
361 422
548 158
81 490
227 554
94 197
21 107
227 156
178 663
513 195
283 453
597 35
943 582
150 130
281 716
549 896
750 206
96 93
463 635
820 56
132 461
281 673
619 213
249 546
15 400
550 240
275 805
405 346
532 157
92 482
19 505
187 30
188 384
118 412
715 413
691 628
319 671
539 829
116 31
924 521
138 345
631 519
603 519
143 167
127 98
19 727
429 140
842 103
186 60
294 821
116 320
760 590
50 850
69 54
269 233
572 51
919 147
630 13
501 64
356 264
694 474
542 497
610 631
459 1
579 784
583 840
231 887
342 405
549 3
21 656
558 819
208 670
941 420
762 214
907 675
28 216
692 314
359 270
484 600
286 398
462 230
663 892
411 369
893 642
412 558
865 510
313 476
632 329
445 231
324 18
89 760
327 877
592 855
773 302
674 879
62 645
873 645
604 934
110 43
609 277
900 508
67 534
867 566
600 155
799 325
110 812
862 767
222 606
856 308
566 409
384 303
828 253
112 404
171 60
725 296
193 79
386 714
787 278
763 868
528 939
47 141
254 738
168 383
522 431
902 852
710 470
698 108
771 805
534 771
684 79
261 863
261 298
413 127
73 439
823 692
646 578
866 35
187 171
575 450
934 204
501 806
673 320
268 419
418 528
36 412
628 470
149 91
850 495
23 630
617 835
638 406
910 12
126 689
96 350
460 156
760 618
421 821
232 697
620 788
784 485
145 7
681 213
80 737
702 232
355 466
502 850
176 373
145 589
16 825
13 514
274 564
591 90
447 754
692 610
75 928
567 476
831 909
78 928
872 519
502 124
418 496
789 751
332 897
791 223
831 786
447 336
742 513
28 745
748 710
175 618
908 294
307 495
384 389
735 919
885 145
280 139
895 221
34 563
182 205
383 9
756 788
406 80
581 462
194 832
263 926
606 19
667 736
604 93
770 629
761 384
664 47
835 701
909 347
885 588
357 848
15 895
606 732
295 912
901 309
545 737
214 725
549 670
743 456
186 122
851 699
529 354
656 374
830 218
659 364
91 894
710 236
220 301
558 381
616 663
197 555
327 620
237 57
204 134
465 785
280 153
134 601
563 739
177 108
898 132
721 623
650 126
228 521
626 881
165 729
133 416
340 164
584 325
803 494
750 438
254 443
93 444
702 309
888 337
778 208
712 116
212 478
710 309
909 742
913 664
753 790
165 341
168 465
704 291
10 9
300 213
710 777
253 679
380 17
770 873
255 139
710 127
600 792
578 596
160 426
808 518
936 613
925 36
480 252
597 148
374 728
752 734
159 654
554 185
899 309
561 278
544 714
255 723
915 926
257 546
757 442
231 842
212 84
565 802
88 218
877 528
71 499
367 786
367 713
121 585
85 120
749 33
234 792
208 605
118 677
546 503
412 130
927 150
15 454
344 610
384 62
165 604
9 749
870 778
527 440
414 309
126 227
734 247
419 532
274 836
204 632
480 518
82 125
366 460
470 362
74 643
5 572
497 197
354 582
318 501
66 831
708 754
513 817
533 712
757 575
207 73
541 270
389 26
194 613
236 2
697 752
534 279
442 641
225 621
778 262
835 331
876 511
354 750
82 705
355 485
301 150
530 685
387 401
162 316
257 941
257 16
28 144
893 432
349 885
685 48
553 312
132 352
406 771
834 74
359 187
877 367
849 680
130 247
168 318
169 123
498 883
661 657
780 29
394 566
453 323
229 270
347 634
773 10
730 467
688 452
855 87
710 885
198 387
294 493
703 899
411 118
763 925
768 642
264 217
36 585
93 211
294 380
574 201
480 717
174 140
196 887
674 246
733 942
169 441
940 707
541 433
621 280
880 35
17 263
292 433
517 237
477 544
794 392
796 436
214 117
875 216
655 115
877 756
808 602
1 244
476 760
41 114
808 62
719 839
315 645
5 886
339 212
692 155
30 774
749 406
934 232
556 160
816 61
891 134
581 755
250 191
503 515
144 309
914 380
347 587
687 117
513 313
42 698
853 349
942 524
247 655
361 63
531 768
588 503
733 783
368 39
403 117
133 617
830 833
300 462
780 435
176 196
50 271
655 163
159 848
623 223
737 591
812 49
779 184
84 655
872 407
204 667
576 118
357 647
341 35
93 888
685 20
408 782
269 151
306 739
697 241
804 465
794 873
745 202
856 451
234 321
306 882
292 351
720 504
294 645
43 365
795 96
279 51
195 769
585 532
252 189
865 484
405 68
27 324
29 632
936 89
437 633
276 780
192 820
173 366
485 845
487 601
246 106
819 254
386 137
202 196
681 783
938 720
705 688
182 701
631 167
392 441
466 352
837 458
402 232
288 596
626 655
861 873
37 690
811 246
121 571
690 83
390 316
198 684
663 388
519 387
46 306
869 261
138 426
523 303
328 383
453 723
330 591
494 314
243 131
338 511
337 525
583 860
765 26
771 506
187 500
421 304
297 354
3 909
263 24
157 96
485 750
141 366
694 905
127 24
109 765
476 256
313 597
867 26
30 582
262 805
249 343
690 663
105 448
267 625
307 115
680 759
454 331
88 385
121 320
177 246
838 237
39 431
137 655
156 651
498 464
416 115
770 500
386 461
940 804
614 215
252 57
626 842
916 506
774 850
940 622
652 749
155 399
727 413
711 146
219 337
420 825
425 901
500 4
658 277
106 706
603 247
34 29
16 216
623 248
382 32
245 535
45 613
797 171
927 406
175 733
15 295
825 290
659 332
496 365
80 295
230 873
728 637
767 804
862 439
259 738
261 942
176 762
602 912
474 300
7 154
502 164
708 37
763 655
517 729
920 45
595 438
384 46
462 525
801 161
252 216
164 188
671 465
657 501
288 624
810 541
740 257
464 455
445 123
583 622
304 714
330 941
682 390
828 534
387 62
668 488
137 112
232 680
491 114
454 122
365 597
229 555
503 715
824 923
807 836
649 561
563 829
873 133
692 625
490 329
36 394
183 293
866 371
776 396
653 122
802 660
142 859
401 704
856 436
274 62
289 278
455 716
256 205
665 376
461 229
555 483
928 203
725 367
401 634
256 131
10 518
760 244
297 794
175 857
514 360
484 834
440 538
645 590
828 637
179 97
67 883
310 163
826 824
578 380
851 509
657 619
788 126
145 565
609 8
599 674
924 332
396 783
552 376
182 215
348 587
584 670
867 801
84 896
251 609
52 163
642 479
871 941
535 790
290 148
26 511
762 382
430 405
675 285
896 606
508 231
882 276
369 517
859 601
144 157
344 698
330 751
366 108
711 215
825 586
623 507
111 877
648 87
150 118
816 131
48 29
140 499
272 597
593 506
923 790
396 212
126 224
627 794
169 771
518 927
686 134
797 690
780 255
245 205
570 208
237 436
804 448
294 824
743 878
121 30
856 370
378 250
177 410
878 146
457 60
363 56
262 152
46 78
855 379
382 557
862 300
115 28
921 292
762 384
681 43
111 72
740 514
579 644
801 351
940 789
107 714
403 438
166 107
518 732
918 657
43 764
689 609
63 58
692 231
103 805
786 595
913 857
678 589
680 124
552 817
2 709
242 58
901 418
685 501
595 190
387 773
100 148
655 664
14 446
932 751
936 149
94 104
556 760
490 583
838 347
10 63
510 141
277 569
237 719
523 139
119 426
709 710
32 19
487 882
383 475
447 602
134 379
874 99
30 312
70 147
221 936
838 340
116 802
116 671
299 924
122 604
467 334
620 376
637 190
566 265
287 749
861 45
216 582
477 889
149 268
188 396
45 533
127 151
614 714
679 251
149 535
757 413
887 116
672 745
811 3
942 301
784 239
90 167
933 439
365 693
612 811
851 764
341 854
803 42
697 927
881 830
699 141
390 525
528 430
177 814
492 309
672 472
14 762
70 542
100 533
754 179
845 189
77 19
65 587
941 746
925 229
835 462
357 483
711 291
770 860
353 46
279 258
870 30
636 802
859 811
553 229
419 474
100 42
263 213
268 347
506 186
87 316
644 14
203 374
353 325
471 283
340 69
434 501
179 193
588 214
555 781
258 240
810 421
80 325
63 562
355 77
794 122
330 206
574 16
484 340
128 344
441 383
350 67
69 187
615 295
283 6
603 295
69 52
717 862
302 799
653 833
599 350
932 692
848 162
524 754
463 134
191 472
585 63
842 867
280 328
624 582
691 208
503 459
52 801
275 79
761 942
886 136
796 160
651 728
156 346
391 790
895 938
112 75
497 937
352 390
670 686
16 667
844 94
591 73
684 669
73 369
