5000
1.01 0.01
10.00 30.00
1.01 30.00
10.00 0.02
1.02 0.02
9.99 29.99
1.02 29.99
9.99 0.02
1.03 0.03
9.98 29.98
1.03 29.98
9.98 0.02
1.04 0.04
9.97 29.97
1.04 29.97
9.97 0.02
1.05 0.05
9.96 29.96
1.05 29.96
9.96 0.02
1.06 0.06
9.95 29.95
1.06 29.95
9.95 0.02
1.07 0.07
9.94 29.94
1.07 29.94
9.94 0.02
1.08 0.08
9.93 29.93
1.08 29.93
9.93 0.02
1.09 0.09
9.92 29.92
1.09 29.92
9.92 0.02
1.10 0.10
9.91 29.91
1.10 29.91
9.91 0.02
7.01 28.80
8.22 9.84
4.56 2.79
6.85 7.16
7.76 3.96
4.35 25.67
5.38 19.46
4.88 8.76
1.33 3.26
2.88 27.04
8.68 12.43
2.82 3.93
1.88 3.99
8.72 29.85
2.88 28.85
7.52 16.02
8.05 29.57
3.82 4.85
5.21 19.77
7.82 25.98
3.84 22.97
9.00 23.78
8.49 10.89
9.54 0.51
6.13 26.49
6.14 21.87
9.78 23.65
3.97 7.44
5.14 12.46
2.96 5.19
1.46 9.54
7.45 11.88
1.76 29.59
5.99 12.72
1.18 14.46
7.05 13.48
7.10 27.89
7.81 8.69
5.87 19.65
6.85 5.44
9.93 17.66
7.10 28.16
9.84 17.27
3.11 22.78
7.85 15.62
7.87 26.65
2.73 18.55
2.47 10.22
1.38 15.84
9.79 22.25
6.96 5.98
9.08 14.69
3.60 17.78
6.21 20.24
9.83 11.74
6.04 15.15
6.92 12.13
6.56 29.44
5.23 15.75
7.76 23.96
7.93 14.74
7.86 22.64
4.39 16.06
6.65 12.42
1.72 9.75
9.09 14.02
9.77 24.81
4.77 20.26
2.72 21.51
5.21 25.40
7.09 29.16
9.68 8.43
7.23 17.42
2.51 7.95
6.77 4.55
6.48 20.58
4.51 13.26
2.53 0.99
9.60 5.89
7.77 0.08
6.53 0.28
6.00 27.28
9.72 6.71
9.01 1.06
2.73 17.08
3.01 19.85
6.21 14.55
7.09 27.36
6.61 10.89
4.48 27.68
3.41 12.78
6.50 4.79
7.69 16.78
8.32 2.91
4.90 12.54
5.29 22.72
8.90 13.20
1.49 0.78
4.58 18.80
7.08 0.54
5.56 10.01
5.65 25.66
2.84 11.91
9.55 11.23
4.06 2.06
4.87 26.71
3.84 0.19
8.79 11.32
5.90 3.06
1.23 1.36
7.71 18.80
3.06 24.73
5.14 21.05
8.04 26.58
6.65 28.85
6.61 10.06
9.40 10.30
2.04 24.36
5.05 28.21
9.77 27.24
9.58 9.57
7.60 4.18
2.24 0.24
9.67 22.80
3.43 16.66
1.09 23.37
9.82 23.47
1.93 13.79
9.53 19.28
3.00 8.52
4.64 22.92
6.94 5.85
5.05 2.43
5.32 0.82
8.40 26.39
4.45 0.50
5.74 17.27
8.46 8.62
3.56 11.64
6.14 29.80
4.58 7.34
6.96 2.38
8.52 13.67
3.79 17.11
1.95 14.77
5.95 19.89
7.07 3.10
1.09 27.43
1.27 28.40
7.79 19.37
8.22 20.07
9.33 18.70
4.09 18.10
5.79 29.66
8.85 14.47
6.92 7.76
4.58 23.98
4.42 18.25
9.84 27.16
7.59 2.85
5.61 11.93
6.63 21.97
9.55 22.12
9.79 13.86
6.79 21.65
9.62 23.05
3.26 8.83
8.54 29.76
5.11 2.55
4.09 13.99
1.30 7.13
7.08 2.35
3.96 27.62
4.92 24.87
5.26 23.06
7.59 14.04
5.62 21.94
6.33 18.51
9.47 26.36
4.12 22.80
6.56 28.50
1.21 6.65
3.08 5.97
1.20 19.50
1.89 27.91
1.41 4.04
5.19 10.98
2.40 4.85
1.14 11.46
4.41 2.59
4.42 18.09
4.49 16.29
1.38 25.86
3.53 16.64
2.35 15.20
2.88 13.77
5.55 16.71
9.43 23.70
6.37 17.71
1.83 20.99
3.82 3.60
9.35 26.99
3.24 26.42
9.34 19.11
1.90 28.55
8.75 13.47
9.37 3.37
6.59 10.79
6.58 11.51
2.91 15.23
5.16 1.67
2.22 9.58
2.94 11.57
6.42 1.79
7.88 8.63
7.62 8.21
9.22 18.92
7.66 23.41
1.66 21.46
9.07 3.85
9.92 18.71
6.64 0.63
5.94 2.26
8.98 11.31
7.85 21.95
6.34 9.57
2.29 17.12
8.00 13.26
1.59 15.14
2.80 14.92
7.85 16.96
5.82 0.05
3.70 17.62
7.68 15.61
1.08 5.44
3.47 13.38
1.82 11.63
7.33 18.96
1.42 14.84
3.73 11.84
9.79 21.65
7.60 21.33
1.62 21.25
1.76 12.74
2.26 24.72
2.74 8.87
9.97 11.57
7.67 27.94
3.49 10.25
8.91 22.31
5.59 8.37
9.41 19.95
4.54 13.80
9.90 27.42
8.55 4.16
1.62 18.95
7.57 2.61
4.59 3.96
3.43 24.37
1.75 1.54
9.33 21.33
2.28 15.78
3.35 7.36
7.49 11.25
4.75 2.59
6.04 26.33
4.69 13.93
5.18 10.68
1.60 1.52
8.99 13.68
5.52 11.56
5.47 14.80
5.69 21.30
5.12 1.94
8.17 22.80
7.25 18.05
9.18 11.23
8.98 8.85
2.23 12.16
9.28 27.25
3.61 11.83
5.67 6.84
4.04 28.77
5.75 12.92
7.14 13.29
1.76 21.83
8.26 4.42
6.13 24.10
4.58 16.38
3.55 19.18
3.35 26.54
3.89 18.60
9.41 5.12
4.27 10.73
9.97 12.85
5.04 18.11
5.13 18.05
9.56 27.15
2.08 15.51
3.42 1.95
4.62 29.74
9.56 23.06
2.23 26.08
4.12 21.81
8.25 20.96
2.07 0.65
8.98 6.23
8.69 25.10
8.56 15.90
9.76 8.14
6.38 21.59
5.84 23.90
8.66 12.77
7.66 26.92
2.31 12.81
7.55 25.62
7.72 10.63
9.64 21.94
6.57 22.88
6.36 27.79
2.72 5.68
1.74 0.74
1.45 15.47
9.03 21.32
3.53 3.24
1.29 18.83
5.37 6.54
1.77 4.95
6.49 17.35
8.83 2.23
8.43 22.26
4.88 19.69
8.78 0.91
1.40 17.10
8.31 14.80
2.45 0.49
6.26 14.94
6.50 10.26
6.00 29.22
8.96 17.33
3.43 12.02
2.22 20.00
6.31 9.55
8.95 21.82
6.88 25.31
6.41 3.25
7.52 24.49
4.47 22.47
5.06 22.36
1.48 1.27
8.50 10.18
2.70 12.58
4.40 21.39
6.48 21.04
4.27 10.76
8.28 15.06
8.35 8.56
7.75 19.91
6.67 5.40
6.54 25.30
5.34 2.33
8.97 14.22
1.12 27.76
9.14 20.21
4.79 8.89
7.36 18.93
6.36 7.97
1.76 17.64
2.64 16.05
7.00 14.37
5.07 4.02
1.74 22.03
5.64 14.38
7.00 18.54
2.05 17.22
6.70 8.76
2.67 8.58
9.59 13.45
3.25 21.66
5.99 11.70
5.14 16.58
4.71 25.59
2.89 20.81
4.35 11.83
8.12 8.21
1.58 25.60
5.91 8.90
1.56 25.99
2.26 0.12
9.20 9.97
9.49 19.49
4.66 3.47
3.32 16.36
9.58 12.63
4.34 14.11
4.91 5.99
6.89 13.67
3.43 3.17
4.15 19.65
8.51 6.20
2.56 18.59
6.29 5.78
2.83 13.65
9.56 24.95
7.17 26.26
6.88 17.01
4.48 9.66
6.99 23.28
9.64 0.16
1.76 10.55
1.96 3.67
5.41 20.04
5.11 2.88
1.58 8.40
9.04 28.43
9.68 12.75
8.94 10.08
1.70 6.11
3.92 24.84
3.31 24.82
7.22 7.76
3.68 26.53
3.97 1.15
4.97 25.30
2.28 1.27
1.47 0.10
9.78 4.90
9.75 23.36
2.13 21.42
7.13 18.32
9.23 24.74
7.65 0.67
5.24 7.70
7.29 25.78
6.77 5.01
8.09 21.05
5.56 4.78
4.52 17.18
8.32 0.38
3.24 18.50
1.50 23.83
3.28 9.84
8.92 20.68
4.87 25.71
1.93 13.99
1.51 20.13
1.49 2.19
2.91 9.41
9.06 4.03
3.34 21.12
6.70 25.06
2.82 7.71
1.64 3.57
3.76 0.96
9.06 22.77
5.48 15.12
2.20 28.10
5.91 23.12
5.62 12.21
1.74 14.78
4.74 22.12
3.46 9.02
6.04 5.00
3.98 28.64
6.86 5.37
3.73 11.80
8.20 28.82
1.85 26.09
9.16 13.23
6.03 9.30
6.46 16.74
7.04 5.31
9.86 27.18
1.99 22.02
4.25 16.69
5.04 23.13
7.08 29.50
3.12 29.63
6.90 5.74
5.74 23.65
8.82 10.94
8.50 2.31
6.50 29.16
5.52 5.39
7.46 17.37
2.14 7.73
4.24 6.68
2.33 24.11
6.58 11.01
6.34 15.03
5.24 1.96
7.45 28.91
1.76 21.95
6.26 28.37
9.51 22.97
5.79 4.59
5.02 24.41
2.20 2.80
9.28 1.94
6.21 7.36
2.82 4.08
3.41 20.48
4.24 9.95
2.80 26.81
3.10 1.66
7.62 9.35
9.19 7.23
4.36 25.17
8.53 17.49
8.48 15.00
6.78 3.57
7.72 21.87
8.80 28.58
9.96 10.56
8.03 28.99
2.33 11.68
6.78 23.58
4.04 5.88
4.79 22.95
2.55 8.93
6.41 23.37
6.04 26.97
2.15 9.28
2.91 8.22
3.75 10.90
7.90 21.03
5.71 5.07
5.19 16.13
2.82 1.44
1.74 23.91
6.66 5.11
4.00 10.61
9.20 12.93
4.43 8.65
1.92 7.35
2.10 1.59
5.48 14.86
2.68 5.58
2.23 26.28
3.52 21.59
8.75 22.20
3.52 9.74
9.78 6.33
7.22 21.28
5.67 20.13
9.74 5.24
3.53 14.14
2.37 1.96
5.20 22.04
5.86 7.58
4.52 0.85
9.63 20.77
8.86 4.68
6.46 24.62
9.72 4.72
4.04 29.04
5.12 25.13
4.21 5.47
4.24 11.53
8.82 5.40
5.24 9.28
8.96 28.72
7.80 15.20
8.94 0.80
7.84 22.26
1.08 5.55
8.54 22.49
7.36 5.06
7.07 28.21
7.53 5.28
2.96 1.71
8.31 27.60
3.06 14.03
1.34 21.96
8.44 6.17
4.43 22.91
5.32 18.01
4.31 19.54
5.08 11.09
5.57 27.74
1.14 17.13
7.46 1.85
8.06 1.21
5.22 18.60
4.91 0.65
9.22 22.12
3.45 28.04
4.88 3.84
3.74 24.65
3.51 16.33
9.18 28.75
8.80 27.70
2.71 9.92
8.56 12.35
7.72 25.25
5.51 26.01
3.41 10.00
3.16 24.48
4.28 22.70
8.49 15.79
8.79 21.66
3.06 16.83
2.14 25.17
8.37 5.27
8.26 2.59
7.52 22.83
4.06 11.42
8.75 11.64
2.77 10.77
8.35 10.50
6.57 4.80
8.36 6.71
9.22 6.39
1.58 3.19
1.85 15.60
7.17 23.61
7.06 10.77
8.43 19.81
9.40 10.53
8.68 8.94
3.01 15.61
3.69 16.74
3.13 26.98
8.10 2.15
5.51 18.49
3.48 11.44
1.21 9.83
3.75 21.20
7.76 18.62
5.95 11.83
1.88 16.87
6.26 19.23
6.05 14.30
5.93 0.17
5.06 24.51
9.50 25.16
3.32 15.95
8.17 22.77
7.19 14.22
2.38 13.87
5.56 3.14
5.67 11.33
2.06 21.76
3.70 15.74
6.19 28.85
6.09 2.95
3.22 21.80
4.47 17.80
9.98 20.73
5.70 4.16
8.40 26.57
7.83 16.82
9.81 18.01
9.38 6.68
4.50 22.60
4.15 11.69
6.12 29.29
9.11 28.08
1.28 19.64
8.19 2.14
5.91 21.40
8.62 10.88
3.21 7.01
4.89 19.29
5.07 18.39
6.04 21.37
9.83 3.74
3.39 19.35
8.71 8.35
3.54 18.32
1.12 25.23
1.68 21.45
3.40 11.35
7.26 13.69
7.13 21.56
3.99 4.82
2.97 17.39
4.71 8.66
2.27 4.44
5.96 29.33
4.48 0.06
2.48 0.85
8.49 9.78
1.89 16.12
9.54 8.01
5.78 11.61
4.88 15.87
3.59 0.82
2.15 22.82
6.70 8.89
2.71 3.90
7.18 26.10
2.36 5.46
6.44 23.40
8.32 29.67
1.48 8.38
8.63 20.72
2.06 12.67
9.05 8.37
1.14 0.73
1.75 7.88
3.05 24.55
5.39 4.28
1.54 0.77
3.81 12.44
9.60 16.16
6.86 26.04
5.88 23.18
1.69 11.06
10.00 16.30
8.98 28.96
5.97 10.20
6.90 22.11
7.38 28.68
3.20 2.23
6.59 9.33
9.09 5.62
4.89 3.85
3.03 23.18
2.22 27.13
9.39 25.71
2.63 9.01
5.84 13.33
1.56 16.53
9.14 1.77
9.21 4.98
4.75 26.85
3.94 18.08
1.29 3.53
1.88 14.80
6.16 12.41
1.42 23.69
4.57 28.76
1.64 7.99
6.98 24.34
7.67 29.03
1.84 22.65
2.01 10.41
4.11 24.80
7.44 16.15
9.57 5.04
5.69 3.41
2.82 29.28
4.33 18.58
2.74 28.73
2.19 23.34
5.88 25.21
7.15 12.76
8.17 16.99
6.23 4.18
1.20 14.78
4.65 5.10
7.44 20.77
5.16 12.04
7.51 22.47
6.70 3.01
2.10 27.44
8.93 19.70
6.88 7.44
4.04 8.49
3.79 15.94
4.17 15.35
1.12 6.00
8.36 8.79
3.47 6.77
8.74 11.38
9.08 15.23
7.59 14.95
3.36 16.70
6.33 27.33
1.98 14.33
3.27 5.27
5.43 10.71
5.97 25.99
4.40 6.21
8.04 1.82
6.31 3.26
4.52 1.30
4.73 3.11
1.31 26.57
3.03 2.12
3.81 17.26
7.14 7.06
6.66 17.70
8.43 2.30
2.68 10.76
5.98 26.70
9.10 29.00
3.90 23.43
4.37 20.84
5.94 28.79
2.32 13.52
4.39 7.88
2.49 20.40
8.02 18.52
2.61 5.79
9.95 13.82
6.60 3.58
6.02 17.61
1.71 5.74
8.73 10.84
8.21 26.26
1.70 9.58
2.49 28.21
1.83 18.63
3.56 29.22
2.19 9.02
4.26 18.08
6.78 9.88
5.15 20.56
5.75 17.20
6.62 11.73
7.69 27.17
2.46 3.88
3.45 2.58
5.91 16.36
2.99 13.12
7.12 18.79
1.79 28.25
2.46 1.77
3.08 9.18
5.51 10.17
3.61 14.42
3.24 23.25
2.16 28.46
9.84 26.83
8.81 7.80
2.66 2.22
8.28 22.64
9.96 25.02
6.30 23.63
4.53 0.11
5.83 12.10
7.80 12.74
7.99 9.35
8.71 14.17
9.87 10.14
5.70 9.12
6.14 15.47
3.67 19.36
7.82 27.30
9.02 7.61
4.51 21.91
6.49 0.71
5.73 22.15
8.86 28.68
3.21 13.10
8.84 19.40
4.87 17.54
6.87 28.92
2.21 22.48
9.30 24.76
4.31 13.34
9.49 5.59
9.14 21.69
7.35 9.29
8.66 27.60
3.42 8.41
6.93 10.16
1.82 15.51
4.63 12.82
3.12 12.23
4.27 11.62
3.79 15.26
9.35 9.04
7.11 29.16
4.10 28.60
5.67 0.83
8.17 8.14
6.76 5.52
1.08 12.52
2.44 3.83
3.90 29.68
6.92 20.43
3.32 8.49
9.46 7.51
9.54 23.21
4.54 22.46
8.66 13.50
9.39 8.26
4.74 28.37
1.16 24.75
7.76 11.64
3.64 7.58
5.12 23.02
6.27 8.88
4.56 1.81
1.10 24.03
8.66 29.06
1.96 19.69
7.67 8.81
2.22 0.86
8.63 14.76
2.47 12.59
8.41 6.04
5.00 19.91
7.16 4.07
7.92 23.37
7.42 3.82
4.36 7.40
9.48 23.98
4.97 9.78
9.62 3.30
3.88 13.48
9.37 0.39
2.14 13.20
6.74 21.36
7.95 4.61
8.00 18.03
1.49 19.87
4.25 17.87
8.70 3.58
2.01 12.23
5.42 1.41
2.40 21.07
4.34 23.66
6.49 13.82
3.99 3.32
6.07 12.12
3.03 11.39
3.07 8.13
2.29 4.43
1.77 10.06
4.52 10.35
1.07 8.06
1.30 18.00
4.08 12.91
3.25 1.27
6.98 15.74
3.25 12.39
6.51 9.96
8.15 9.23
6.72 22.86
3.69 4.06
5.54 11.72
7.83 11.83
2.72 28.94
5.10 16.24
6.45 21.79
6.84 12.97
4.52 17.41
4.55 9.38
4.89 28.76
4.40 14.49
1.66 7.30
4.54 25.53
6.30 25.35
5.07 12.60
9.64 28.23
6.95 22.97
3.07 6.16
4.92 16.81
1.61 16.24
1.45 14.87
7.21 29.43
7.18 24.55
9.62 25.44
5.35 15.85
7.13 29.02
9.37 18.05
3.65 18.77
2.25 29.44
4.45 15.82
4.70 0.16
2.01 9.19
1.17 7.41
9.83 10.90
6.98 10.89
8.93 13.33
1.10 13.69
4.98 21.86
2.19 2.76
5.97 9.04
2.40 27.95
5.66 27.93
6.62 3.94
6.80 14.85
1.26 9.19
1.77 15.20
1.35 15.52
6.56 9.51
1.62 21.13
2.77 8.97
5.68 18.86
5.20 3.31
7.33 29.42
9.43 10.92
1.87 7.85
9.73 14.19
9.56 0.35
9.87 0.37
2.08 27.45
4.90 29.40
3.24 3.87
7.81 8.68
1.07 15.55
2.60 12.80
4.43 4.30
3.61 20.12
2.80 11.12
6.50 10.76
4.25 5.89
6.68 19.81
2.58 20.29
3.07 29.06
3.56 6.39
7.17 20.27
9.30 8.73
9.71 10.73
3.81 19.03
1.61 29.80
3.23 2.02
3.78 4.80
4.97 4.19
5.20 1.73
2.40 2.97
3.92 20.79
5.91 10.31
6.33 2.38
8.71 28.49
2.06 7.02
7.00 16.56
1.14 9.13
8.58 28.19
7.60 24.67
6.39 26.57
6.97 12.71
4.57 14.61
5.28 8.09
8.05 13.77
2.16 12.51
2.29 19.90
4.46 4.59
8.84 6.99
8.75 20.77
5.72 8.04
1.06 5.17
7.36 7.01
9.81 19.84
9.90 21.83
4.52 21.56
7.95 22.49
4.50 27.57
2.53 15.55
5.96 17.37
8.78 15.44
6.92 14.14
8.31 5.38
7.70 16.26
5.09 23.62
8.73 3.16
6.71 25.51
3.40 15.85
3.64 1.02
7.62 8.25
7.59 5.16
4.75 20.83
6.33 26.89
3.19 15.18
7.93 5.01
4.61 24.90
1.07 17.99
2.97 9.66
8.97 5.39
2.58 28.99
7.29 17.31
2.87 20.65
2.17 14.66
4.99 8.17
7.99 20.61
5.18 29.22
6.05 24.67
5.17 2.48
5.56 28.54
1.57 17.70
1.95 25.70
1.64 29.71
6.71 24.30
7.97 27.39
6.16 16.17
8.25 13.50
7.23 1.59
9.22 5.74
6.98 4.84
5.39 8.77
3.18 26.48
9.16 15.25
8.32 19.39
9.59 22.59
6.90 8.02
4.87 12.57
4.13 5.95
2.72 7.63
5.03 8.30
6.99 17.01
4.49 9.57
9.88 4.99
6.58 16.37
4.25 3.85
6.01 10.29
2.08 23.40
8.45 26.47
1.04 2.49
4.19 5.57
2.12 7.80
1.41 4.61
5.81 20.91
9.69 13.60
4.49 19.72
8.55 21.03
1.23 8.84
9.22 6.95
1.17 15.46
2.19 10.31
2.24 11.80
6.52 23.19
1.51 27.68
2.60 29.47
1.75 13.09
7.48 28.08
9.81 18.51
2.74 19.35
5.87 22.16
9.23 27.44
5.20 11.49
3.67 24.56
4.34 21.53
1.35 0.62
1.19 26.76
4.46 11.46
8.24 21.66
4.13 15.91
6.39 1.68
4.59 8.43
3.31 29.87
5.65 3.65
5.64 18.01
9.05 19.66
3.02 14.09
1.41 11.15
8.36 27.58
7.94 5.06
4.75 29.70
9.22 27.78
3.55 20.55
6.67 14.32
2.08 6.86
5.81 1.12
6.73 13.00
9.29 22.73
1.23 23.94
1.59 2.27
2.27 11.00
3.01 1.73
3.97 10.44
3.53 26.34
3.13 17.83
2.18 2.76
8.67 28.64
2.89 18.21
3.51 15.32
2.57 9.77
8.36 26.14
3.24 29.36
1.48 18.36
3.08 5.78
7.08 10.10
7.86 14.19
8.22 29.73
7.88 11.14
9.88 15.62
4.97 27.17
7.27 1.20
5.69 21.99
6.08 29.64
5.10 24.93
8.94 1.72
3.18 17.41
3.16 27.25
8.81 18.39
9.20 4.32
7.54 7.44
8.92 26.11
5.37 12.21
5.36 20.93
9.72 4.54
5.72 22.36
6.79 10.35
9.47 21.86
9.64 8.11
4.76 29.96
8.95 28.18
2.32 2.53
7.68 16.26
3.65 10.91
1.26 11.58
8.73 21.93
3.44 9.31
9.26 3.41
4.78 11.68
7.45 25.78
9.82 20.32
3.20 7.04
7.08 5.89
5.72 13.07
9.75 15.91
1.59 17.54
8.24 16.13
7.42 12.72
5.12 14.11
7.10 26.16
7.01 2.53
5.88 2.05
8.41 21.71
3.03 11.76
4.71 3.57
3.25 23.02
1.34 3.29
6.84 26.72
2.95 0.98
2.62 27.96
4.25 6.59
7.91 26.28
4.83 14.85
2.95 1.74
8.74 10.46
7.28 18.04
1.23 22.75
8.04 2.37
4.99 19.02
8.62 21.56
6.53 21.39
6.45 28.15
3.28 12.32
6.61 4.43
4.90 18.43
6.74 6.45
2.92 0.09
9.50 20.76
8.59 2.99
8.91 1.18
5.65 8.19
6.69 9.92
6.40 0.97
4.57 20.42
1.52 4.39
2.87 19.21
6.96 18.91
3.67 1.19
3.19 12.70
3.26 6.16
8.11 3.60
4.55 5.99
2.06 5.74
6.60 11.53
3.07 1.75
7.23 14.79
7.19 27.32
3.96 11.14
2.72 21.50
8.12 25.86
7.26 0.36
5.74 11.76
7.08 20.12
1.18 21.96
5.49 23.78
7.95 19.29
8.47 2.08
4.18 28.48
9.52 6.29
8.19 25.15
6.88 10.24
8.82 20.83
5.50 26.54
5.18 24.03
9.11 28.91
9.60 25.19
1.62 28.22
9.96 15.27
7.00 29.27
5.15 22.48
6.44 5.97
8.69 21.81
2.54 7.39
6.33 20.34
4.98 1.56
7.09 16.49
6.98 3.19
6.16 27.37
6.31 16.36
5.21 2.28
1.80 10.31
5.21 22.39
7.91 15.64
1.04 13.43
2.22 0.84
9.08 1.54
4.85 26.79
3.87 10.04
5.96 0.27
2.70 20.11
8.68 22.43
8.53 23.41
7.37 4.83
8.05 16.97
5.18 10.59
8.04 12.51
3.12 18.43
5.44 28.28
3.64 2.06
3.94 5.93
1.56 19.54
2.72 15.46
9.40 4.79
6.37 26.30
9.69 22.37
4.56 8.53
3.69 1.55
6.88 5.10
3.72 15.01
6.90 6.67
7.55 10.22
6.39 17.38
7.03 3.19
4.36 25.80
6.48 25.66
9.43 3.79
9.23 0.34
2.80 9.68
4.28 0.29
1.83 13.55
7.40 12.60
8.84 0.79
8.34 17.96
5.24 1.40
7.13 13.81
5.70 13.35
1.73 17.23
9.51 23.19
8.57 10.10
3.37 2.41
4.32 28.66
2.70 13.35
5.15 20.75
2.27 14.84
3.23 10.03
1.02 20.75
6.14 7.73
6.69 9.61
9.12 29.41
3.24 8.15
3.98 19.22
2.10 28.37
3.54 23.06
1.03 3.88
7.14 4.92
1.80 0.74
2.29 5.06
1.03 24.59
5.91 16.22
5.09 10.70
6.51 27.10
7.49 22.86
8.31 22.51
5.59 29.14
4.00 13.10
9.21 11.84
5.08 4.12
4.33 15.25
4.68 20.20
2.39 0.07
8.13 28.30
9.56 14.87
5.96 12.23
9.19 15.85
5.48 20.10
9.46 6.86
4.25 8.73
6.57 17.80
2.67 28.84
9.31 18.76
2.93 2.65
7.97 17.25
3.90 11.64
6.27 1.99
1.04 22.89
2.47 17.70
1.67 4.16
7.89 11.04
3.84 6.96
6.73 16.08
9.55 20.64
2.91 15.08
1.77 28.50
8.68 12.54
2.38 29.60
6.83 2.30
7.30 2.67
7.79 10.55
1.98 0.50
1.36 18.75
7.38 11.76
6.28 18.68
3.92 23.62
6.63 10.69
6.95 0.15
5.29 10.24
6.46 16.32
6.87 26.25
8.95 6.41
4.40 13.94
1.23 14.89
3.50 10.40
5.06 9.59
7.71 5.51
1.50 4.29
3.05 5.54
3.33 23.86
4.26 10.93
1.04 1.06
8.23 14.38
8.83 1.37
5.63 26.97
6.93 11.21
3.07 24.11
3.82 4.23
2.05 5.61
3.12 15.00
9.89 13.55
1.02 9.23
1.22 24.91
7.40 4.54
4.69 29.14
3.39 2.62
6.63 20.69
3.59 18.11
2.40 24.83
5.90 14.32
6.64 0.19
6.42 21.95
3.85 1.55
1.31 20.12
1.09 26.44
8.91 8.19
7.54 14.37
9.86 23.11
1.59 22.20
1.94 23.01
3.28 6.20
6.54 28.61
5.41 7.16
4.80 14.27
9.51 19.24
7.77 11.40
8.99 27.50
6.36 20.07
6.83 11.30
4.55 20.95
7.74 8.97
7.89 10.62
3.28 19.99
2.14 2.20
7.54 3.79
7.77 4.00
8.07 7.85
5.71 8.07
8.71 28.58
2.29 24.67
6.51 2.34
3.23 12.13
5.77 14.82
9.26 12.69
7.93 25.18
8.51 23.05
1.36 24.10
9.65 23.33
7.19 9.69
6.58 11.54
3.24 15.11
6.88 19.78
3.29 19.67
4.94 18.99
4.77 16.15
5.36 13.94
2.64 15.63
8.98 11.69
2.89 4.07
7.29 17.16
4.65 10.25
8.70 16.09
9.73 11.02
8.53 25.27
9.68 22.60
2.45 27.20
6.96 6.87
3.65 5.13
3.42 24.80
9.54 11.13
6.96 9.39
2.34 7.68
3.42 12.80
8.20 20.11
7.67 27.81
8.01 1.09
8.81 28.02
7.19 4.56
1.11 19.56
1.55 7.96
2.74 16.94
7.56 12.39
2.78 3.49
8.82 22.78
4.91 15.47
3.65 22.98
1.39 3.82
2.26 18.71
1.66 9.70
2.99 20.73
5.91 14.60
5.33 4.64
5.16 26.80
2.85 28.61
4.86 23.26
6.08 3.17
3.29 6.16
4.60 23.66
6.87 15.36
8.48 28.00
9.47 11.44
2.93 1.74
6.67 15.61
5.86 7.72
2.79 24.31
3.24 18.68
1.18 3.65
6.55 18.20
3.39 14.77
6.49 27.85
8.76 13.95
9.88 15.94
8.58 17.47
2.06 19.34
1.18 18.16
9.43 14.00
9.78 6.94
2.27 29.40
1.46 12.26
2.24 3.38
2.81 21.45
1.78 17.79
7.83 17.82
5.29 10.09
4.13 29.92
6.07 25.96
7.75 1.79
1.39 13.14
3.12 6.30
9.37 11.82
1.79 26.61
4.83 14.21
9.13 3.03
8.07 13.65
7.58 16.59
9.86 16.87
8.73 21.10
1.28 9.02
3.98 10.64
6.92 18.88
2.66 29.37
8.43 19.97
3.86 17.58
4.09 20.30
1.67 4.16
6.12 12.23
1.22 20.71
4.87 16.96
5.42 28.26
9.61 3.92
1.99 5.06
4.86 9.63
2.13 24.72
8.57 19.03
1.88 13.96
1.12 8.01
1.19 0.08
8.61 19.41
7.90 15.80
9.81 24.77
3.00 7.79
1.42 21.13
8.12 24.14
6.13 16.16
5.16 25.67
9.32 13.74
9.67 2.49
2.12 15.67
2.24 1.26
8.06 1.56
6.56 13.29
9.33 4.19
1.86 21.17
9.48 14.11
3.81 1.57
9.44 14.88
3.78 18.38
1.60 12.43
7.56 16.58
5.83 15.98
2.48 2.78
3.57 23.03
9.16 21.98
9.86 14.59
1.19 14.16
8.36 29.09
4.82 17.10
6.63 21.35
8.46 23.92
4.17 4.08
9.29 28.33
8.86 23.82
5.97 13.93
4.86 7.18
6.07 2.99
3.94 3.14
9.12 24.63
1.89 8.10
7.38 4.99
8.30 28.54
9.12 6.70
4.20 22.83
3.27 19.89
6.81 19.00
6.68 4.09
7.96 27.31
6.18 10.88
6.03 2.72
7.82 25.32
2.92 29.77
6.63 25.05
4.78 6.91
8.11 17.70
1.98 27.04
4.03 28.95
5.78 2.25
3.38 21.28
2.29 13.41
8.26 2.13
8.40 29.23
5.54 21.92
4.69 21.25
6.75 11.63
1.23 5.26
2.19 7.19
8.01 4.05
8.34 4.36
8.02 29.86
2.09 23.68
2.44 16.64
2.29 11.94
9.24 8.35
8.34 5.50
4.45 27.89
6.27 22.62
6.92 4.36
1.31 15.18
7.72 7.41
5.04 14.32
1.13 5.35
3.23 1.70
6.27 0.25
6.76 21.57
8.72 29.42
7.99 1.03
8.09 27.79
3.43 5.71
6.69 9.73
6.59 8.40
9.74 29.68
3.58 10.79
5.93 24.62
8.23 20.73
2.24 3.72
9.57 21.05
9.43 14.84
5.35 25.49
2.68 25.02
2.52 27.94
4.62 5.60
3.00 28.08
4.55 17.76
6.86 25.00
5.20 7.19
2.37 11.90
3.74 10.96
6.24 29.78
8.03 2.81
2.47 12.98
8.71 26.82
1.63 24.52
9.19 0.44
4.61 2.72
2.73 19.08
7.06 25.41
3.17 23.99
5.61 9.96
5.35 25.60
6.41 8.20
6.83 18.72
1.52 9.36
8.54 15.65
9.40 15.66
7.49 14.30
8.82 0.82
1.39 25.10
1.93 3.47
3.82 22.16
7.64 21.31
2.14 11.86
8.26 24.92
3.49 12.76
7.24 3.93
3.22 1.38
3.04 4.35
9.36 5.60
9.85 23.98
4.13 19.43
6.35 5.87
1.32 20.05
3.36 27.59
5.77 3.37
9.67 12.60
6.79 7.19
6.72 9.74
2.82 24.56
4.80 7.37
5.77 0.31
9.95 2.49
9.73 6.95
6.47 16.18
3.92 4.01
2.43 18.81
5.37 29.00
2.80 3.14
5.21 23.57
5.10 18.83
3.20 20.50
7.46 7.29
6.92 10.66
4.74 27.94
5.55 12.48
7.81 24.99
3.55 25.27
6.73 14.18
9.99 8.23
4.91 11.67
2.35 28.00
9.94 23.67
2.60 17.51
6.27 19.21
1.53 8.63
9.67 19.89
6.22 14.10
8.73 18.88
8.39 3.28
6.17 13.33
2.95 21.91
1.17 23.69
2.05 14.20
1.19 8.14
9.98 27.53
7.99 25.55
2.85 11.92
5.35 8.25
1.40 5.18
2.36 3.45
5.71 26.91
3.67 25.24
3.25 1.21
1.32 9.39
3.41 5.30
4.81 0.17
8.19 28.64
1.22 4.69
7.20 28.55
5.88 22.60
5.56 25.90
7.12 2.46
2.65 22.62
1.25 9.04
6.54 17.93
3.84 4.26
3.54 27.28
3.95 26.90
1.23 29.90
1.87 14.49
8.58 10.24
6.71 24.84
2.99 7.13
2.42 12.86
4.32 20.00
2.64 10.28
4.07 16.13
4.48 18.41
8.69 17.25
2.84 2.34
1.65 8.82
6.86 0.69
1.13 21.90
7.66 19.02
2.61 22.33
7.15 2.82
1.50 21.85
7.22 3.60
5.55 13.62
4.68 26.04
8.05 3.51
5.60 9.10
8.44 5.11
9.41 13.06
8.91 18.51
2.61 24.33
5.56 19.58
9.38 24.72
5.69 3.18
4.56 2.56
7.10 12.43
8.35 14.38
3.81 1.10
8.62 9.47
4.66 17.72
7.69 28.79
3.42 11.22
3.47 8.42
6.10 28.43
9.31 13.71
3.00 4.00
7.31 2.60
3.62 26.08
5.85 29.73
8.74 10.72
7.69 8.32
9.53 2.84
9.12 24.45
9.18 29.90
9.48 23.03
9.25 3.82
7.60 7.91
8.49 23.24
1.29 25.12
1.35 25.78
4.40 1.30
7.28 21.57
1.98 7.63
5.40 5.17
1.10 19.70
8.20 27.39
4.70 11.58
2.33 20.27
5.89 17.35
1.34 29.70
2.99 3.95
7.85 17.38
7.29 14.60
6.36 29.87
7.34 18.24
6.69 20.92
1.66 28.17
1.50 6.98
7.63 29.01
4.99 6.24
1.77 14.65
6.34 20.96
8.54 19.78
7.08 0.17
3.86 5.00
2.33 12.90
7.27 1.75
2.11 10.21
4.48 9.98
2.12 3.99
2.87 15.94
2.81 4.00
8.20 24.23
5.40 28.54
1.85 0.84
10.00 28.95
7.31 22.89
2.46 24.78
3.10 12.52
3.24 17.41
1.03 6.05
8.27 9.09
8.09 5.79
8.94 15.94
9.34 19.57
5.61 14.10
8.75 11.58
1.95 21.58
3.91 25.39
3.76 12.50
3.52 2.39
8.94 27.78
9.55 15.69
5.90 27.10
9.84 6.20
8.81 25.60
2.53 9.04
6.96 28.11
7.11 12.23
6.41 4.54
6.42 11.14
9.34 25.85
9.43 5.32
9.87 24.32
8.10 16.63
3.75 17.65
8.16 2.06
1.79 18.26
4.17 1.07
6.67 26.40
3.59 12.43
4.65 4.74
9.55 11.58
4.87 25.41
6.00 21.71
4.15 4.76
2.12 19.15
6.53 5.91
4.01 1.80
4.17 19.23
5.89 12.82
5.85 23.04
9.22 28.09
5.81 7.67
9.93 16.94
4.85 24.43
2.04 21.91
3.15 14.26
1.77 1.92
9.57 28.99
1.01 2.39
3.29 7.06
7.93 13.38
2.08 2.73
9.19 3.19
1.36 2.82
3.85 7.88
6.30 15.63
9.09 25.52
2.70 27.36
4.04 22.58
1.19 14.79
4.89 25.21
4.90 26.96
7.32 16.60
9.26 19.40
9.68 16.91
7.87 28.32
1.12 2.61
5.28 1.14
3.97 18.43
9.45 7.23
6.65 18.69
3.65 24.93
2.78 24.60
9.43 22.06
5.17 23.27
4.51 22.06
8.09 19.70
5.67 7.41
7.43 18.20
7.54 15.13
4.48 12.39
9.73 17.19
3.73 23.26
8.09 12.40
1.25 28.66
5.00 21.74
4.41 15.81
8.19 0.70
6.91 6.99
9.47 11.28
4.77 17.25
2.59 23.33
9.20 27.92
5.78 1.93
6.42 17.58
3.37 14.89
6.53 0.44
7.31 13.35
7.29 5.39
5.19 11.79
4.93 14.82
3.09 4.36
8.69 22.76
7.57 20.63
3.74 11.90
6.84 17.91
6.71 18.76
7.64 8.31
9.43 23.89
6.43 0.20
8.78 18.60
5.39 29.97
7.88 20.16
8.52 20.55
8.39 12.78
4.61 28.76
9.85 29.33
3.32 27.17
9.54 14.42
2.76 27.28
7.79 23.02
8.04 26.59
3.99 28.05
9.22 6.89
2.57 9.11
3.97 6.68
4.42 4.13
6.95 17.25
9.52 27.48
7.85 4.32
1.75 14.46
6.08 3.71
8.75 25.14
4.52 8.64
2.07 18.64
8.15 1.12
6.53 26.17
4.53 16.03
4.09 3.66
6.57 24.62
5.70 17.28
8.34 1.56
6.34 10.00
9.46 10.80
5.05 10.49
2.31 18.89
5.58 20.82
6.72 14.23
7.05 28.96
2.34 11.33
6.52 19.24
4.81 18.24
3.36 9.37
7.84 23.67
1.58 14.80
6.96 24.20
5.18 28.87
4.96 14.42
6.03 0.39
7.64 17.98
6.04 17.09
4.07 22.59
1.83 7.56
5.97 18.89
2.74 2.73
8.03 4.22
3.62 18.39
6.81 21.92
9.00 25.08
9.16 21.05
3.45 24.36
7.73 3.95
1.66 26.52
3.48 8.94
2.08 13.13
2.61 1.05
9.68 12.02
9.88 0.13
8.22 17.07
4.35 28.08
8.11 5.16
6.28 10.33
2.48 4.26
3.96 25.67
1.41 7.96
3.80 3.74
4.18 18.16
6.86 4.76
8.41 20.39
7.06 12.17
1.85 21.34
8.84 22.46
9.05 22.15
8.33 18.00
2.95 1.67
4.70 25.49
8.39 4.81
9.72 19.10
8.70 15.63
3.10 16.29
1.88 17.11
2.27 23.77
3.34 23.42
5.08 13.11
5.96 29.76
5.41 5.95
7.14 7.18
9.19 0.32
6.60 16.51
8.53 23.72
8.99 12.72
3.57 5.03
3.10 7.04
1.14 16.38
8.01 17.32
4.39 27.79
2.61 19.19
6.98 7.19
9.64 0.28
9.10 2.67
9.14 16.07
1.43 3.15
7.24 8.09
8.84 22.21
4.32 24.00
6.17 14.24
6.09 2.22
5.57 3.19
2.36 19.37
3.89 12.08
9.20 22.43
3.75 14.41
8.42 22.27
8.54 28.83
6.20 12.60
8.74 15.05
9.03 25.96
2.54 13.06
3.86 12.87
6.72 24.37
7.85 22.61
1.09 15.25
4.46 2.82
3.30 4.37
1.94 16.84
2.14 10.21
4.87 2.42
4.73 23.66
9.41 27.31
1.68 2.91
8.63 29.49
5.10 9.76
7.71 2.15
4.39 6.71
3.81 3.29
7.75 22.57
2.75 17.86
8.33 18.82
8.73 0.82
4.76 7.84
9.83 15.93
9.97 8.85
2.11 4.72
8.30 2.59
6.65 14.39
2.11 24.71
8.96 26.78
7.36 16.57
1.51 27.92
1.46 13.87
8.71 4.77
6.89 8.17
3.59 17.43
6.16 8.80
7.34 0.87
9.62 18.49
5.36 26.01
4.30 9.43
5.71 5.09
5.46 19.19
9.79 25.75
2.66 3.60
2.67 7.93
5.70 22.44
1.02 15.67
7.10 26.06
8.94 5.72
1.81 15.08
2.80 8.12
9.36 25.42
2.81 0.57
7.62 23.75
9.12 7.86
4.24 25.88
2.63 29.92
3.85 13.31
7.14 15.79
2.36 18.38
6.69 20.05
7.36 12.96
6.17 27.65
1.21 3.51
9.34 5.91
8.88 25.14
7.51 4.25
4.91 17.65
6.83 6.57
3.46 21.31
8.95 9.81
2.81 20.11
6.60 29.31
1.55 13.42
9.90 3.39
1.14 3.52
7.40 8.58
2.28 25.57
7.42 12.88
4.21 20.55
3.85 0.36
3.82 5.09
1.07 24.62
1.98 16.21
9.15 18.45
2.95 16.76
3.69 26.99
4.51 3.49
6.12 3.97
7.95 5.21
9.59 2.63
1.44 0.63
5.31 24.96
6.40 11.01
9.95 7.94
4.71 23.25
7.89 23.17
6.39 17.22
2.80 0.19
1.61 15.89
6.65 26.47
8.89 0.59
2.79 22.02
7.39 9.14
7.49 2.95
9.83 12.28
6.70 11.36
6.58 20.02
6.35 18.95
4.06 22.53
5.80 28.49
8.55 21.05
7.98 13.68
8.39 14.12
1.30 14.09
5.71 10.21
3.34 4.54
5.12 28.88
9.92 26.68
1.37 11.21
9.79 28.95
5.65 8.46
1.26 24.92
9.71 3.78
3.58 23.27
1.92 3.68
6.99 25.43
4.05 8.21
8.38 17.27
3.94 23.21
8.46 3.90
9.74 19.11
5.01 4.89
6.83 20.26
7.44 10.23
5.88 10.26
2.85 17.66
7.26 10.16
7.99 8.52
4.88 17.35
4.51 22.00
9.39 28.19
5.50 21.06
9.44 14.63
6.19 2.97
4.59 19.85
9.11 29.39
6.32 21.92
8.22 5.78
6.59 23.61
4.27 6.45
5.26 23.98
5.31 8.44
3.86 14.01
5.18 26.49
1.34 20.96
2.10 19.87
9.54 0.09
2.25 2.92
3.78 29.67
1.92 22.77
7.87 17.33
4.01 4.81
4.94 26.75
9.29 6.08
8.69 10.39
3.98 25.89
4.33 15.73
3.25 3.61
3.32 19.94
9.10 22.97
1.83 8.21
3.40 9.90
7.83 11.28
8.74 23.00
8.69 9.10
6.90 24.69
3.38 11.49
1.25 21.90
5.32 10.37
8.39 25.31
9.06 17.61
1.09 14.31
5.14 23.66
4.20 14.54
5.61 19.70
8.59 29.66
4.67 24.48
6.60 28.82
3.40 20.88
4.15 22.42
4.98 22.76
1.52 5.04
1.04 8.40
3.14 3.88
6.02 29.05
8.71 4.34
2.73 4.90
2.34 16.58
3.25 1.62
3.15 20.17
4.02 6.02
8.82 1.98
8.68 23.82
4.34 18.64
1.42 18.99
1.55 27.50
6.65 19.20
7.66 6.14
6.52 24.39
1.32 16.82
8.11 15.41
6.66 24.71
8.69 2.08
7.51 17.44
2.46 10.57
9.18 10.84
5.17 16.50
3.86 10.59
2.88 7.46
7.03 22.70
4.45 15.18
8.67 9.04
6.89 28.74
5.65 28.63
2.48 26.01
3.36 18.23
8.24 23.13
6.99 6.26
2.01 21.55
1.59 6.08
3.36 22.50
2.50 25.17
7.78 6.65
7.79 10.60
5.85 12.25
5.18 15.02
8.37 20.03
7.82 2.32
5.12 18.12
6.23 1.47
8.62 20.07
7.77 20.85
5.58 3.03
3.98 7.13
3.46 23.64
5.55 1.54
9.49 28.85
6.42 7.10
3.91 4.56
8.90 19.29
2.65 2.22
3.79 15.59
1.14 3.62
4.60 17.10
3.24 12.75
5.62 24.26
9.35 25.92
9.35 18.83
1.78 26.92
5.99 13.81
7.48 8.91
4.29 29.67
5.19 22.11
1.06 24.94
6.31 16.22
4.81 26.10
9.92 2.39
5.59 5.04
7.39 1.63
6.21 0.66
2.42 27.54
5.50 27.97
9.79 6.21
8.18 1.53
8.43 10.75
6.83 24.14
7.55 15.83
2.36 28.45
4.35 18.84
7.63 29.24
1.41 0.20
5.43 29.59
3.48 1.88
2.81 10.03
3.77 27.64
3.86 27.08
9.62 16.07
3.62 28.82
4.69 3.10
5.95 22.79
3.60 12.17
2.09 3.56
8.87 10.08
4.21 23.41
7.41 27.35
4.12 7.30
1.70 15.29
7.89 21.20
8.68 9.26
3.41 13.19
4.00 22.48
6.30 22.60
7.72 16.02
4.86 24.42
9.95 2.02
2.65 23.25
2.24 2.25
3.50 18.88
4.63 22.96
6.94 19.19
8.32 22.37
7.97 27.03
4.38 8.22
5.65 1.49
8.39 6.45
2.84 17.80
9.80 20.21
7.93 7.95
1.75 3.80
1.58 5.34
2.03 3.30
1.53 3.39
5.48 26.81
4.52 7.52
8.76 3.65
7.58 20.28
3.58 9.65
6.10 29.31
8.96 0.58
8.46 5.50
9.70 29.44
8.96 17.78
3.93 7.48
4.76 1.35
1.32 5.25
9.23 5.80
5.54 15.17
9.46 25.85
8.36 15.05
9.45 12.94
5.18 8.55
8.45 5.62
4.85 12.08
4.84 28.70
7.06 17.26
7.65 5.79
7.89 11.36
9.80 16.09
4.18 15.80
5.42 27.86
5.88 17.24
1.68 18.38
4.04 26.12
7.92 7.76
1.08 7.94
4.33 6.88
9.57 7.35
4.48 16.35
6.70 23.57
3.30 25.76
6.90 8.02
1.84 9.40
9.76 13.32
5.77 10.97
2.04 19.97
7.47 26.98
1.40 26.10
1.65 28.58
9.17 7.18
5.35 16.06
7.04 15.16
9.30 9.44
5.57 16.92
3.22 3.41
9.89 29.81
7.73 9.37
3.49 25.17
9.29 27.86
4.98 18.93
4.45 16.66
6.03 9.69
3.12 25.77
8.75 21.50
7.91 3.30
6.24 22.68
2.80 4.52
5.51 5.82
5.02 26.68
1.21 27.43
1.15 16.90
1.33 15.20
8.16 23.69
6.83 6.64
8.52 14.83
3.76 19.79
7.83 3.40
5.71 12.54
9.48 28.05
6.28 7.93
1.37 17.73
2.95 8.77
4.94 16.75
8.98 10.09
4.20 25.34
3.59 11.60
7.40 12.08
3.20 18.21
5.03 29.61
9.60 20.58
4.99 16.16
8.19 19.97
7.03 19.75
9.32 8.68
2.31 9.84
7.58 25.54
6.07 20.02
6.00 24.91
5.37 13.13
7.10 22.20
8.69 20.45
2.45 19.34
5.68 15.69
4.16 9.09
4.26 13.27
5.56 2.36
2.12 19.86
6.49 1.55
3.98 14.92
9.82 18.52
3.98 9.29
7.10 16.26
6.13 2.03
8.48 18.43
2.98 11.60
1.40 25.84
9.44 10.73
4.60 9.22
2.99 17.32
4.42 19.11
9.90 6.84
5.10 8.29
1.63 18.39
7.82 21.43
1.99 14.09
9.84 8.06
6.12 9.04
1.80 1.45
5.48 6.23
4.15 11.59
3.96 4.54
6.63 8.04
4.53 15.54
8.51 16.99
6.29 18.01
1.38 9.00
7.74 28.49
1.71 21.90
8.46 6.41
7.52 15.18
8.22 28.48
2.07 20.49
9.33 21.57
2.20 3.50
6.15 26.46
5.84 6.87
8.75 18.85
7.70 9.93
9.81 10.24
1.08 0.98
6.15 16.32
2.32 0.51
3.38 24.68
7.55 2.31
7.91 13.03
7.09 9.47
4.24 29.91
1.55 12.29
6.81 1.52
4.98 13.54
4.63 24.16
1.73 14.66
8.76 25.88
8.40 2.07
1.58 23.15
2.17 15.11
2.08 17.61
4.35 9.49
5.87 24.87
3.14 13.51
1.18 7.21
8.95 15.71
9.40 3.92
6.00 19.47
4.41 4.97
6.05 7.48
4.51 29.81
6.00 27.93
4.34 24.50
9.74 13.73
9.94 1.63
3.71 3.53
7.89 27.08
9.16 11.22
9.68 7.52
9.35 7.43
7.41 20.06
3.68 21.05
5.18 21.29
5.21 18.99
2.20 18.56
9.18 29.25
3.83 6.85
8.58 17.56
6.45 18.09
2.56 12.92
5.41 10.64
1.98 12.96
2.97 24.41
2.96 14.33
7.41 6.41
1.12 6.22
6.06 29.52
4.04 29.71
3.51 11.88
4.00 0.37
7.59 8.05
2.65 17.56
2.43 24.73
5.39 24.66
8.01 16.80
5.58 19.39
5.30 4.18
8.66 8.05
2.68 19.12
6.77 19.23
2.47 8.97
6.39 9.96
3.52 13.34
4.05 16.97
5.42 20.80
7.83 0.32
2.57 6.00
9.98 29.86
5.24 21.19
4.06 15.23
3.55 28.31
2.39 19.31
3.37 19.22
3.39 0.64
9.66 27.53
4.87 18.07
3.32 20.96
8.81 3.63
9.44 13.76
9.22 9.88
1.07 14.53
1.59 26.52
6.74 7.85
1.17 2.30
4.65 12.32
3.93 20.88
1.86 9.42
2.45 20.59
4.18 21.02
1.24 1.20
8.52 5.81
3.72 6.38
2.27 6.46
3.74 12.41
3.12 15.18
4.26 1.88
7.39 12.51
3.16 11.54
7.34 22.81
4.77 10.49
5.50 0.21
7.02 25.77
1.07 29.81
3.38 2.20
4.70 20.87
1.62 12.06
8.77 4.58
5.30 29.11
7.69 10.19
1.54 7.10
4.79 4.16
8.74 12.80
3.41 20.18
9.81 20.50
2.22 22.94
5.24 13.39
7.08 5.24
7.06 21.97
4.17 22.92
7.39 24.86
2.04 13.74
6.65 6.50
5.57 16.65
1.47 5.31
8.12 28.23
9.96 1.07
5.94 1.75
5.46 26.57
9.65 28.98
6.84 4.11
7.17 19.45
9.16 14.75
6.78 6.15
9.49 16.45
5.52 7.40
8.16 25.68
2.08 19.85
6.45 7.30
4.69 9.31
1.29 5.05
6.15 21.94
3.10 20.24
3.39 26.49
8.38 21.18
3.03 20.99
5.55 13.34
8.91 23.39
6.02 21.70
5.44 2.28
4.07 19.44
4.36 10.99
2.28 25.86
3.51 15.46
2.86 8.25
2.84 9.67
1.64 0.18
4.55 24.04
1.10 8.44
4.53 20.71
5.33 3.36
1.96 26.61
1.99 24.02
6.81 20.27
4.17 3.11
5.71 4.37
8.63 28.39
3.58 24.34
8.53 15.33
4.76 20.48
9.43 20.29
7.34 19.32
2.34 16.62
7.46 0.21
6.81 12.08
2.40 7.30
8.36 3.91
1.27 27.60
3.52 19.92
5.50 0.08
5.51 16.59
6.30 18.41
5.71 18.66
9.69 24.18
6.85 3.45
6.07 15.46
6.06 29.99
7.48 12.04
2.01 16.68
1.22 19.81
5.74 23.15
2.29 20.56
3.40 15.38
2.92 3.32
5.90 25.03
5.90 10.36
1.74 21.49
9.77 1.75
9.17 3.52
5.45 7.77
8.77 0.62
3.77 1.62
2.33 8.78
3.13 26.06
1.83 23.73
7.91 22.84
9.47 20.86
7.79 2.35
3.83 1.37
8.64 4.50
3.92 13.60
1.53 17.74
5.52 3.58
7.41 22.41
1.26 11.13
9.59 13.85
6.65 11.30
3.32 21.51
6.89 26.03
6.81 9.45
5.86 15.92
8.04 22.99
5.26 17.68
6.10 18.97
7.97 7.26
7.62 10.16
9.03 27.79
7.56 14.06
2.95 2.70
1.29 16.70
2.93 12.95
8.46 16.32
8.05 1.76
6.31 20.65
2.05 11.33
1.97 7.11
2.31 2.46
1.93 1.52
4.40 10.98
7.71 23.56
4.00 14.78
3.15 15.35
5.12 6.95
1.07 2.59
2.71 27.40
7.97 26.94
1.48 29.91
4.34 2.88
3.40 26.94
1.75 18.24
5.19 22.21
2.67 3.75
5.61 21.26
7.66 4.13
2.89 8.36
6.69 24.42
4.26 27.48
3.97 12.72
1.69 11.40
9.40 11.83
7.02 18.01
4.09 26.09
6.93 28.60
4.80 11.76
5.31 18.20
1.78 28.76
5.69 11.06
2.94 16.25
7.78 7.37
3.80 11.76
1.09 23.01
4.44 9.01
9.33 22.21
9.62 29.30
5.66 28.68
7.93 19.37
2.58 1.24
5.74 3.11
4.66 11.16
3.03 2.64
2.31 16.36
2.31 15.73
2.64 0.53
5.71 5.97
2.92 19.19
6.30 26.03
3.72 25.33
9.29 26.92
4.27 23.00
8.73 27.40
2.97 26.52
3.89 0.34
7.69 2.54
7.47 22.96
6.05 29.27
2.83 22.71
5.05 5.55
6.38 23.31
3.16 16.54
8.60 28.75
4.44 14.55
4.28 2.21
7.17 21.34
4.14 5.27
2.04 24.87
2.39 20.00
3.92 8.31
2.84 26.64
3.45 6.78
7.29 21.25
3.55 17.90
5.92 3.67
8.76 19.39
7.80 28.63
9.73 14.52
3.44 20.28
8.22 10.01
4.62 1.57
8.94 29.57
9.94 0.30
3.82 12.30
6.15 29.09
6.84 22.27
2.95 22.36
7.87 27.57
8.26 14.20
2.95 14.57
7.03 3.99
7.87 25.56
2.16 20.15
5.87 15.52
3.71 8.38
7.34 16.23
3.33 16.05
5.13 16.53
7.46 5.77
9.60 3.14
4.65 11.94
3.77 4.56
6.01 29.10
5.46 14.91
8.32 27.10
5.43 9.35
7.79 19.67
4.65 25.10
6.51 4.68
1.13 20.81
6.50 27.70
8.44 7.90
8.84 25.88
1.94 21.24
1.20 24.56
9.61 2.35
7.66 1.85
9.11 21.59
8.07 9.91
4.96 0.55
6.79 18.20
2.17 0.24
2.45 23.51
7.59 6.16
3.67 11.99
2.09 11.92
8.84 22.72
2.67 18.49
9.72 27.30
6.27 2.98
4.19 29.39
3.58 15.92
8.73 15.77
1.94 2.32
3.47 15.33
3.27 12.65
4.77 26.36
6.74 25.50
1.56 13.52
9.69 15.62
8.58 23.18
9.01 12.92
7.74 0.09
7.04 13.17
1.64 4.87
7.67 18.96
9.79 20.50
8.47 11.62
1.18 3.62
5.37 3.62
2.51 10.41
7.20 18.10
6.84 16.48
6.38 15.90
9.92 1.44
8.51 6.77
1.96 10.03
8.53 25.82
3.42 3.23
1.79 13.57
5.40 23.79
7.41 18.94
3.97 7.26
4.08 15.92
3.45 21.32
3.94 2.62
6.43 17.72
9.71 5.54
1.36 24.78
7.41 25.55
3.65 24.24
5.77 14.65
7.63 27.24
4.35 2.86
3.46 13.12
3.64 7.67
1.88 12.94
2.14 22.91
1.28 3.49
7.08 17.07
8.79 23.12
7.79 18.99
3.73 13.57
3.00 20.00
3.43 25.12
5.78 10.35
1.80 3.37
2.42 13.01
7.89 16.27
6.14 28.83
4.33 17.51
5.23 9.88
8.13 7.20
1.86 1.11
5.61 18.24
4.36 29.71
6.51 11.56
6.49 20.34
6.23 27.15
5.10 10.61
2.99 5.01
3.86 17.18
1.68 17.05
3.60 29.70
6.46 6.15
1.33 18.77
9.84 6.31
3.35 24.03
1.26 9.06
2.93 21.72
6.06 9.68
4.97 4.87
9.42 2.89
8.27 16.82
7.69 4.48
4.27 15.21
4.03 25.64
8.38 15.49
4.25 16.41
4.65 28.95
3.52 9.60
8.33 13.33
9.02 29.30
4.69 27.32
5.20 27.70
4.42 17.76
4.41 28.11
8.17 9.99
3.06 3.99
9.79 26.52
8.77 16.03
7.61 1.07
1.72 21.19
3.40 17.28
3.08 28.66
6.73 26.77
4.37 27.65
6.94 10.35
8.87 23.03
9.46 14.09
2.29 7.61
6.11 20.19
4.02 1.39
1.44 14.29
7.13 14.71
9.99 20.08
8.49 9.79
8.41 28.83
5.29 6.45
8.04 14.78
2.32 11.55
8.62 7.87
3.40 19.68
6.68 10.95
7.36 16.22
6.03 11.99
9.03 26.96
8.42 5.58
8.19 18.78
7.12 15.66
7.11 11.59
1.56 6.05
9.08 0.58
2.87 26.26
7.78 5.26
2.44 5.84
6.09 24.27
4.23 13.38
5.82 21.04
6.70 5.75
7.72 5.11
1.71 10.49
4.02 2.21
3.88 30.00
7.54 14.78
8.71 3.81
6.22 1.13
8.54 7.87
7.43 7.67
5.66 12.16
9.36 4.42
3.78 5.49
4.16 5.88
6.35 13.86
7.57 25.41
7.25 14.06
5.79 27.38
6.29 18.45
6.92 20.50
9.01 2.83
3.26 18.34
4.95 27.11
5.84 26.51
9.01 19.96
5.69 17.86
9.04 29.40
9.93 9.05
4.60 2.06
3.84 15.25
8.63 13.22
2.76 17.12
9.26 14.66
2.69 28.23
8.76 22.75
5.27 4.94
5.00 28.28
1.84 7.54
8.10 8.07
7.09 8.55
8.73 28.53
2.30 24.75
7.75 22.63
7.55 10.27
9.12 1.06
9.13 0.38
9.27 2.51
5.24 24.15
3.67 24.27
6.87 15.02
9.65 25.08
5.99 14.64
6.47 6.21
8.07 13.34
7.60 15.55
5.91 27.08
7.17 23.13
6.30 26.43
1.12 25.20
7.38 19.85
7.94 13.62
1.91 24.47
8.99 6.12
1.67 7.47
9.12 5.23
4.64 29.59
5.04 23.52
5.10 9.38
5.36 29.02
2.99 15.82
8.11 17.87
1.32 7.21
4.50 5.82
8.70 16.16
3.27 9.20
3.69 3.21
3.40 1.10
2.07 9.84
5.70 5.58
3.80 1.72
7.31 29.35
9.69 25.94
4.17 19.50
4.14 24.91
8.64 21.67
7.29 29.54
4.50 19.04
5.15 7.76
5.24 16.60
9.45 28.67
7.91 21.51
3.20 6.44
9.13 29.73
9.40 0.97
8.86 13.44
3.51 27.55
5.94 19.46
9.88 24.88
2.83 29.27
6.02 25.31
2.67 7.02
8.87 4.26
1.12 10.18
2.01 15.84
2.31 20.36
1.11 3.88
3.94 27.00
1.75 1.63
9.16 19.04
9.35 12.18
5.45 6.35
1.45 10.86
2.79 5.53
2.47 14.71
4.68 10.10
4.83 25.30
5.17 18.22
1.35 18.86
3.22 8.80
6.93 4.57
3.63 15.26
4.85 13.16
8.10 5.35
7.63 13.80
6.22 25.74
3.26 29.95
9.96 17.35
7.41 8.94
6.92 25.51
7.58 15.92
3.58 5.68
3.40 20.96
3.85 8.61
4.89 2.06
2.60 1.15
6.07 0.03
3.47 16.65
9.46 0.73
3.68 27.30
9.23 14.73
5.75 22.16
6.80 17.56
3.79 11.23
1.91 7.40
6.82 2.90
2.31 25.80
2.90 21.45
2.69 1.33
7.16 4.11
3.60 9.38
4.22 25.22
1.71 11.98
7.84 20.14
9.02 12.29
7.16 7.62
2.07 8.40
6.51 25.49
6.90 0.45
3.17 9.19
5.32 12.47
2.68 0.74
6.72 16.09
1.56 29.24
3.42 1.45
8.26 6.26
3.24 6.19
4.91 27.74
3.26 8.50
5.42 22.28
4.54 3.34
8.90 7.54
8.44 3.23
3.01 26.22
8.10 1.59
3.56 1.16
7.07 14.06
2.36 25.36
4.81 13.77
8.36 27.29
2.80 17.00
6.31 1.43
7.49 17.67
7.72 7.19
1.87 8.32
1.93 13.80
8.01 19.26
3.42 20.00
2.09 5.21
6.42 2.03
2.59 25.36
8.22 28.82
3.72 27.39
2.08 5.64
5.48 24.91
5.57 7.93
6.78 27.34
8.51 16.29
2.00 15.83
3.90 20.76
8.51 13.82
7.45 14.05
9.31 22.20
6.15 6.68
6.86 4.02
7.31 28.51
5.45 11.38
5.36 12.56
7.96 19.01
2.45 0.69
6.99 25.42
5.40 19.88
1.44 2.48
8.42 23.05
4.68 7.16
8.87 27.41
1.56 18.05
7.77 29.60
4.01 4.16
6.02 11.03
7.07 5.33
5.89 9.18
3.09 26.03
6.98 12.23
8.90 1.48
3.11 19.88
9.17 28.04
6.21 18.25
6.99 16.08
3.95 11.18
8.05 25.64
6.23 12.52
2.56 0.06
3.71 14.93
8.90 23.93
9.19 19.84
4.81 5.48
5.15 12.45
5.18 17.89
4.68 26.39
6.46 12.64
9.70 22.80
4.47 13.00
7.24 7.61
5.74 17.11
8.43 5.70
8.28 24.41
4.20 22.46
5.79 17.19
9.41 22.43
1.06 17.85
4.30 4.73
9.27 19.10
5.04 22.32
8.68 25.34
4.85 24.63
9.32 14.01
1.93 9.30
6.96 25.02
4.93 25.88
3.10 23.58
1.50 9.57
6.80 11.78
7.76 28.46
5.67 27.46
4.12 1.71
9.89 19.03
9.90 28.31
6.10 16.83
2.91 5.34
8.48 5.92
4.14 19.03
6.29 13.11
6.86 21.77
5.32 25.62
7.23 12.73
4.61 18.75
5.20 12.96
8.29 5.19
3.17 5.05
7.06 0.21
1.72 23.32
5.04 0.43
7.41 29.64
4.41 19.95
7.45 0.64
1.44 4.66
7.04 29.68
2.28 8.10
9.23 18.22
7.83 1.52
8.68 21.92
6.61 1.92
7.89 13.95
1.43 21.91
6.17 8.58
7.60 22.42
8.16 27.35
1.10 1.81
4.05 29.52
9.40 1.11
1.42 22.94
2.03 11.08
9.89 6.10
5.66 13.14
7.17 1.53
3.10 10.88
4.26 11.30
8.85 13.72
2.68 16.21
8.83 23.72
8.04 1.75
6.71 7.75
4.74 17.15
3.64 5.10
9.99 15.15
6.39 18.21
9.58 11.83
4.98 16.86
6.25 9.56
8.57 3.03
8.48 10.17
4.64 17.06
9.90 29.75
3.90 2.39
8.34 8.31
8.04 4.53
6.28 3.68
8.93 15.18
6.12 10.97
1.81 19.72
8.87 2.44
5.83 20.54
7.05 4.83
6.67 15.84
1.22 14.71
2.95 26.26
4.03 9.83
9.58 22.55
9.68 25.58
2.07 15.20
1.35 21.36
5.23 20.42
4.56 27.58
2.57 29.66
9.67 2.64
2.73 1.92
6.89 26.75
1.95 12.66
2.34 17.39
8.73 10.98
6.06 15.63
2.16 4.25
5.04 1.78
4.35 27.33
2.87 5.84
1.16 7.05
5.91 29.77
6.51 7.31
2.11 23.05
1.08 24.47
8.11 3.21
9.80 2.42
3.76 4.49
3.07 10.50
9.99 19.83
3.77 25.80
5.94 5.11
1.71 19.81
3.73 25.23
3.99 8.21
2.33 1.64
9.38 29.53
3.54 22.82
5.28 2.56
7.66 21.44
7.01 16.57
9.55 27.00
6.35 11.79
1.73 21.50
1.32 20.60
3.86 20.38
9.29 9.90
8.18 0.03
7.52 1.03
9.39 14.25
7.14 1.84
1.72 10.51
4.39 11.84
3.83 2.34
5.54 8.74
2.17 20.52
6.32 18.20
6.45 15.52
4.69 22.73
2.29 12.33
4.93 5.54
9.24 9.85
5.16 25.76
1.34 9.04
9.31 7.33
4.98 3.17
8.73 19.32
4.61 24.04
7.02 12.22
9.72 3.45
5.94 2.87
1.44 21.40
6.81 20.64
8.27 1.26
7.70 7.10
7.38 0.27
3.90 8.50
8.72 16.95
1.43 24.99
3.50 11.82
3.92 28.81
1.53 1.91
1.99 13.95
9.72 27.92
5.48 26.51
8.83 16.16
1.39 26.48
4.14 7.69
7.05 12.77
3.90 6.21
7.59 19.60
5.52 25.71
8.04 28.70
9.32 18.33
6.52 19.01
4.57 9.80
9.64 13.86
5.06 7.58
1.40 3.47
4.36 6.55
9.47 27.28
5.85 15.35
8.05 3.26
2.48 26.35
9.03 22.51
7.86 0.30
7.15 6.41
9.45 12.42
7.26 21.33
4.38 7.83
8.74 21.43
8.05 3.15
3.19 19.19
4.63 20.58
3.40 5.50
4.99 26.08
8.78 16.99
6.13 4.53
4.41 9.03
3.87 28.41
3.88 10.75
3.43 19.04
9.14 3.52
7.39 25.91
9.24 24.55
2.27 12.56
5.37 22.66
5.60 11.46
8.07 22.90
2.69 28.53
9.72 14.43
3.95 3.72
5.65 2.53
8.77 9.07
4.90 1.81
3.89 21.31
7.82 12.03
3.20 22.84
5.25 14.44
8.11 3.47
5.47 27.87
8.75 16.85
7.98 8.28
2.06 25.38
6.26 0.66
2.36 22.28
7.72 22.18
5.13 21.46
7.81 20.70
6.15 25.29
5.52 4.06
8.02 4.26
9.87 23.88
4.50 12.34
5.10 26.47
1.61 5.74
5.17 16.11
6.94 8.29
6.40 5.35
1.53 29.62
1.15 1.83
9.48 9.94
2.30 27.47
2.25 19.31
2.69 29.67
9.77 9.02
4.28 10.44
7.92 2.86
8.19 29.83
5.34 26.09
4.00 19.76
5.37 20.47
1.41 13.10
3.96 19.36
4.75 8.42
1.60 0.67
6.95 29.45
3.56 5.17
9.40 1.17
2.59 14.38
3.25 8.22
4.77 7.06
9.77 20.05
8.77 9.10
7.64 29.38
2.73 25.22
4.12 13.59
9.11 6.46
3.32 7.96
8.00 2.80
7.12 16.52
7.70 3.73
1.61 19.52
4.50 4.21
1.53 6.34
1.62 17.88
5.86 8.85
7.67 25.74
5.19 29.55
3.99 11.39
4.28 10.39
5.46 8.76
7.64 27.08
6.70 4.29
1.84 3.49
2.59 6.91
6.49 0.87
6.52 10.39
6.21 16.36
7.88 8.91
3.14 18.17
8.00 14.37
4.99 14.67
3.37 12.34
4.39 14.69
7.48 19.89
6.59 6.69
6.60 20.64
5.63 21.51
5.59 23.21
4.00 23.14
4.65 7.21
8.53 24.82
6.90 11.70
7.63 17.97
9.99 10.63
9.97 18.67
2.59 7.84
2.24 29.43
6.45 23.65
6.44 8.75
3.36 15.79
8.47 17.39
5.62 18.05
9.18 22.64
1.42 6.61
9.64 16.33
1.10 14.83
6.13 10.85
9.56 4.37
6.84 10.68
6.15 1.68
1.41 15.02
4.80 26.37
4.70 8.27
5.21 29.76
8.74 24.13
8.97 29.73
1.98 22.99
2.69 5.40
5.59 28.40
2.99 9.59
9.37 8.51
8.58 23.45
2.83 22.00
7.09 27.61
4.95 3.75
8.71 19.26
7.07 25.87
5.86 6.78
4.48 19.26
1.27 13.30
4.97 10.75
8.14 1.08
5.91 19.96
9.69 22.68
3.84 11.17
4.02 28.31
9.90 15.76
3.08 4.66
2.10 17.39
5.27 3.97
4.48 20.15
3.73 23.15
7.89 5.06
1.59 2.24
4.90 28.80
4.32 27.16
4.74 10.69
7.26 10.96
3.23 27.74
8.50 4.78
7.13 3.20
2.38 18.38
7.08 14.81
9.98 2.62
9.03 9.02
9.08 2.42
9.76 8.85
8.59 6.37
4.38 5.56
8.29 25.42
7.00 14.65
5.07 16.78
3.28 12.83
2.58 21.52
5.29 21.77
1.72 12.18
2.65 13.54
2.17 28.76
9.17 21.40
4.98 11.75
5.32 15.69
4.37 21.36
3.58 1.75
7.42 9.16
4.38 20.15
3.50 2.30
4.63 9.85
7.62 25.51
6.44 8.21
1.86 14.37
1.93 25.81
1.62 25.59
2.52 16.41
4.65 3.20
4.59 18.91
7.85 6.66
1.31 28.36
1.18 0.22
2.46 14.47
3.02 19.69
4.66 11.49
6.92 23.68
7.74 1.12
7.71 19.27
2.01 17.72
3.10 2.14
9.75 19.62
8.90 10.62
6.14 27.51
6.67 11.15
6.86 29.72
1.38 29.94
8.92 12.48
3.06 20.20
8.77 20.91
6.22 6.35
3.57 11.32
4.79 8.37
2.74 23.50
9.15 27.27
6.39 9.02
8.45 14.60
2.16 3.60
3.22 0.78
9.19 4.66
9.22 16.84
2.24 11.53
1.39 16.69
4.02 25.63
3.83 8.91
8.26 15.65
8.92 5.47
1.47 21.26
2.25 9.97
4.82 10.35
9.46 8.23
3.62 7.32
2.96 27.19
9.99 21.83
9.94 7.52
2.00 18.60
1.52 22.52
9.51 23.37
3.06 29.95
2.13 5.26
6.75 8.03
4.85 9.24
3.66 5.93
3.61 12.73
1.60 23.11
1.94 3.35
3.16 18.78
7.99 16.95
1.20 4.78
4.53 19.03
5.20 27.16
3.49 6.12
4.31 12.90
2.18 29.56
2.28 29.97
4.01 15.62
5.35 27.95
3.87 25.91
9.05 9.16
2.90 23.99
4.02 6.52
3.50 2.51
5.48 1.17
5.09 9.73
4.27 24.01
9.16 18.25
8.75 3.92
3.48 16.89
4.89 6.07
5.90 3.45
8.29 7.95
5.07 3.09
6.31 8.52
7.11 27.52
6.73 24.53
4.50 5.43
6.21 0.67
1.07 21.49
5.36 0.20
5.44 24.32
8.45 14.89
9.42 0.83
7.06 9.99
4.47 19.73
7.36 14.19
1.06 3.70
6.05 2.28
2.30 3.93
6.55 12.94
5.49 12.62
2.34 9.31
9.85 1.93
3.74 17.09
1.92 9.26
7.10 15.54
8.89 6.86
5.60 16.86
6.95 21.83
8.98 12.39
3.57 13.27
2.40 13.49
4.22 14.94
8.20 26.97
1.66 28.85
3.46 1.52
7.69 7.37
4.24 23.35
6.04 23.57
2.04 29.05
9.81 13.83
4.67 22.47
5.82 4.97
8.06 8.07
3.14 6.91
8.07 16.09
6.47 25.99
1.23 1.98
1.02 3.17
1.05 20.89
1.71 3.04
6.37 27.94
2.52 19.29
5.50 19.05
8.74 1.87
3.77 6.24
3.31 16.15
7.43 6.52
6.66 29.12
3.73 18.45
1.18 22.41
3.89 3.96
8.16 7.81
6.91 13.33
2.23 21.99
8.01 20.85
4.66 1.56
7.09 10.69
9.21 14.22
5.21 19.04
2.92 18.19
1.39 4.73
2.05 17.81
9.45 25.77
7.02 8.91
3.03 16.64
7.74 25.99
4.03 6.09
5.24 21.53
8.70 3.71
7.72 18.69
9.80 11.56
1.63 16.24
5.64 26.25
7.49 8.65
6.81 19.24
9.49 6.05
4.63 12.38
4.15 29.47
7.15 28.53
9.88 26.10
6.24 27.67
5.87 28.31
9.83 25.83
3.27 21.39
4.06 24.95
2.82 14.21
7.86 20.31
5.36 6.44
4.58 15.89
9.15 5.04
2.14 5.10
5.97 23.45
4.05 15.72
9.14 29.36
8.63 28.73
3.43 14.61
1.86 6.02
7.47 28.32
6.91 21.43
5.74 19.16
7.32 0.66
1.64 22.48
7.99 29.26
4.87 28.32
1.65 9.62
9.79 26.52
3.35 25.34
2.16 5.91
1.73 23.09
7.69 7.07
8.38 27.48
6.52 0.52
2.56 24.90
6.17 6.34
9.00 19.05
9.12 28.74
2.99 26.19
3.74 18.06
6.02 23.84
3.83 22.52
6.47 6.16
8.45 17.57
7.34 23.55
7.83 18.08
5.95 16.17
2.92 0.54
5.24 1.51
7.26 9.75
7.57 6.23
1.10 27.97
5.14 22.76
5.78 10.86
3.49 15.64
4.76 12.24
3.80 29.74
1.81 17.20
9.53 25.97
2.30 7.96
4.69 11.26
7.33 6.74
6.22 19.11
1.39 8.32
4.45 2.41
8.05 19.66
7.62 11.36
5.45 22.48
3.44 23.84
8.06 16.09
5.72 29.46
4.19 16.20
9.58 29.83
9.35 15.00
3.83 25.96
9.93 11.11
6.33 12.55
6.66 8.55
6.87 6.40
9.43 14.97
6.20 25.07
7.57 2.81
1.67 10.38
7.22 27.50
5.36 19.18
2.94 9.45
9.13 29.91
6.58 20.20
5.25 12.60
4.27 23.05
4.93 17.07
8.38 26.48
2.58 29.40
9.75 4.61
6.14 22.68
6.51 23.37
1.14 19.25
6.11 26.24
1.84 27.44
1.54 8.92
9.72 15.90
9.66 20.48
8.72 10.27
1.93 9.74
7.80 4.44
7.69 20.61
5.55 6.67
1.86 16.46
6.12 14.08
6.15 5.90
1.11 28.26
4.20 22.40
9.24 7.26
2.26 11.48
5.16 23.11
6.59 13.31
3.37 3.67
4.04 13.88
3.65 10.93
3.73 9.40
2.54 18.96
2.64 21.45
6.64 28.51
1.28 19.44
8.62 19.05
1.34 2.48
9.38 7.54
6.84 23.91
4.48 17.03
3.18 2.19
5.48 12.03
1.07 6.27
8.19 10.10
1.58 25.83
1.31 15.66
3.52 11.33
6.14 13.04
4.44 6.86
4.34 18.12
5.04 29.84
8.17 21.68
9.77 11.97
4.42 26.70
9.58 21.08
4.90 26.71
9.04 11.90
8.57 2.91
6.78 13.32
3.78 13.03
6.67 2.32
4.28 27.66
3.69 16.73
7.33 18.43
5.05 27.22
4.63 29.73
4.34 28.05
7.21 2.60
9.83 26.44
5.61 28.27
3.99 27.76
2.24 1.67
5.23 3.26
2.65 3.19
9.27 9.03
2.73 2.85
4.04 11.50
1.66 21.16
8.37 22.07
8.19 14.81
3.36 10.47
5.39 23.99
9.79 19.75
5.18 19.66
4.84 10.12
9.45 11.24
4.77 18.44
8.92 28.22
2.47 26.41
5.88 16.72
1.22 16.26
2.38 10.20
3.32 1.39
8.42 17.52
5.14 2.89
9.84 24.43
1.88 13.63
3.36 10.97
1.46 19.66
2.60 13.97
9.13 21.75
8.02 0.94
1.39 8.94
2.07 29.89
5.73 16.01
9.92 4.46
9.43 20.86
9.71 13.65
1.43 21.42
4.40 13.79
5.03 22.30
5.07 17.45
1.05 28.96
5.13 1.80
2.56 7.78
5.99 3.86
5.88 2.20
4.94 14.52
8.45 10.39
6.53 25.80
9.28 28.85
5.63 23.04
4.83 22.36
2.13 4.32
9.58 23.91
6.31 21.81
4.53 4.78
3.74 4.26
8.63 25.49
1.81 29.36
5.36 7.79
8.22 13.24
7.32 12.19
4.68 7.80
4.32 15.28
8.14 19.94
9.00 6.21
6.07 26.23
3.09 8.58
4.35 13.56
2.91 0.30
8.05 24.45
1.91 15.45
2.03 10.15
4.95 9.05
3.41 5.24
2.30 29.37
4.90 16.28
5.54 1.56
6.87 18.38
5.15 6.72
4.46 24.24
7.70 9.20
1.82 26.51
3.69 18.02
4.15 18.34
1.57 4.19
8.04 3.32
4.21 15.44
7.87 6.00
8.33 8.38
4.45 12.81
8.90 17.48
6.63 29.70
1.64 5.35
5.08 24.91
7.22 18.46
6.40 28.53
6.49 18.08
4.00 5.07
9.55 10.51
4.67 12.81
1.89 29.02
3.57 17.13
3.91 11.85
2.86 0.60
7.99 3.63
1.97 14.14
6.49 13.80
7.09 22.77
1.97 7.73
2.35 25.47
2.89 5.64
5.93 9.86
2.77 5.96
8.27 20.23
7.40 3.49
6.09 29.06
2.25 15.03
9.16 3.33
4.30 7.09
5.28 22.27
2.15 4.80
6.56 25.40
3.14 29.93
2.28 28.06
9.17 22.68
6.28 14.53
2.69 6.33
1.01 6.22
6.18 17.40
9.50 13.68
7.04 21.11
3.91 17.09
9.56 19.99
3.80 18.08
6.77 14.92
3.80 10.30
8.60 26.37
9.68 24.50
3.42 26.52
5.23 5.32
4.17 8.69
8.98 17.62
7.90 12.29
8.68 12.82
5.05 6.80
8.36 8.86
2.05 22.83
5.37 29.45
2.06 20.76
1.75 19.29
8.80 5.11
5.79 8.85
9.10 20.34
3.63 18.09
2.63 14.83
4.71 12.24
3.84 11.77
8.79 15.05
1.54 10.56
3.30 5.09
1.57 20.72
8.46 20.96
2.17 14.08
9.41 8.94
8.28 21.75
7.07 21.28
8.04 2.68
8.65 14.63
8.70 7.83
4.94 11.52
8.55 26.80
4.48 22.09
4.98 29.34
1.21 22.83
8.15 27.22
3.27 24.08
5.27 20.21
6.92 8.55
2.55 18.62
8.66 26.29
9.65 4.17
3.05 2.47
7.20 14.05
6.78 27.65
3.39 9.81
1.97 27.29
3.74 15.69
5.70 27.68
4.36 26.37
9.65 18.72
7.00 21.31
6.38 5.71
3.93 23.81
5.02 9.62
5.48 18.53
7.07 19.42
9.25 9.04
9.85 27.63
1.80 8.56
4.66 2.79
1.42 19.38
1.95 1.21
1.18 17.76
2.85 22.77
6.05 29.99
7.67 29.91
9.86 25.55
9.08 13.81
4.97 3.85
3.27 28.58
7.66 9.58
4.37 17.20
2.77 21.90
5.15 5.67
5.13 26.95
3.77 27.47
9.33 4.15
4.02 8.58
3.01 25.23
9.48 20.63
1.01 11.79
9.39 29.28
6.55 7.94
3.57 4.79
1.43 10.90
4.72 6.23
3.95 8.15
7.92 3.40
7.52 28.10
5.15 24.16
8.94 15.21
4.62 12.44
2.99 23.89
6.12 1.08
2.10 18.68
9.16 5.50
5.53 5.52
8.12 6.84
3.05 7.84
7.69 0.64
7.58 23.90
9.62 27.44
1.63 21.29
4.47 4.34
8.06 22.11
8.92 12.49
8.43 18.38
3.10 7.92
4.81 22.82
3.42 19.10
9.50 26.98
7.82 8.83
8.84 21.76
5.03 11.31
3.44 22.94
4.35 10.57
9.02 10.07
2.71 23.49
4.45 9.72
3.16 21.93
5.28 25.95
7.43 16.40
9.21 21.42
8.45 5.12
6.53 2.72
4.64 7.13
6.96 7.33
8.76 9.98
7.10 6.26
5.84 25.48
4.58 11.54
9.49 17.05
1.95 10.35
5.63 9.75
8.57 12.49
4.77 12.97
1.65 3.77
1.12 15.73
1.06 13.68
5.63 14.75
5.13 4.45
4.66 19.09
7.08 20.61
8.62 28.55
5.44 3.90
9.79 0.88
8.45 5.66
2.05 15.13
2.17 3.24
2.88 27.98
2.95 29.26
7.51 2.19
1.25 16.53
6.03 21.37
9.17 9.82
3.59 18.50
1.28 8.75
2.91 24.57
5.87 0.66
1.46 4.36
5.25 27.08
9.64 28.46
4.49 0.24
5.04 17.05
2.13 1.68
6.80 26.33
9.04 13.41
8.22 22.23
8.12 7.35
7.99 29.00
3.19 12.79
8.71 12.92
2.51 28.49
6.68 10.29
8.47 17.32
5.30 9.84
7.89 9.64
4.34 20.23
5.20 3.94
6.14 3.68
8.55 18.49
7.33 4.73
9.99 1.24
8.50 2.92
8.27 9.19
1.10 12.29
8.22 13.88
6.33 9.46
7.36 21.03
9.82 21.70
3.46 4.11
8.59 0.65
3.64 25.98
6.43 29.95
1.60 16.02
1.06 5.42
8.05 15.58
9.17 21.82
1.80 12.77
6.95 25.07
7.29 29.49
8.94 17.41
6.13 13.39
7.86 20.51
1.62 5.88
1.31 6.00
2.88 12.15
9.45 11.99
9.75 16.58
9.25 15.45
6.13 21.78
2.58 28.29
3.61 10.07
5.64 10.31
8.88 23.99
6.52 6.67
7.07 17.85
3.64 6.20
9.24 11.57
5.74 15.68
3.38 4.74
5.39 3.74
4.20 9.28
6.68 24.68
2.09 2.48
8.69 25.62
7.65 24.81
9.80 28.50
1.42 28.20
8.56 17.00
1.77 6.17
3.90 25.97
9.43 20.67
8.52 19.92
4.68 20.02
5.76 2.49
5.31 11.44
9.16 10.29
3.02 18.63
5.48 29.73
4.79 18.48
1.51 11.09
7.50 17.02
4.53 7.20
2.33 6.05
3.60 25.10
1.14 1.97
1.77 19.13
8.84 19.56
6.46 8.60
10.00 6.35
3.78 28.69
7.41 28.94
5.88 24.37
7.38 16.98
2.72 28.45
9.59 2.27
3.34 6.59
3.47 6.35
1.97 1.09
3.45 1.86
4.31 16.53
7.72 12.34
5.53 22.54
8.67 7.54
2.49 3.98
6.53 23.42
1.62 2.28
3.92 20.76
4.04 8.76
1.77 1.78
4.97 4.65
4.55 20.63
7.00 10.91
3.77 21.35
1.63 27.13
7.18 18.35
8.78 20.32
6.09 1.20
1.62 22.84
8.62 0.54
6.23 6.55
8.05 13.16
2.21 23.84
1.73 26.51
9.32 8.05
3.14 18.80
7.19 7.80
9.99 22.53
4.51 26.22
2.43 16.58
4.13 27.17
3.20 0.40
8.61 8.88
7.56 3.83
4.15 19.25
9.96 0.57
4.42 10.86
6.46 0.46
7.11 21.83
5.63 18.65
6.60 3.18
2.85 7.46
1.34 14.52
6.49 16.78
1.08 9.47
9.21 22.60
7.05 8.65
9.80 15.06
5.28 6.36
7.26 16.15
4.61 18.86
4.93 27.85
4.75 3.23
8.12 26.19
4.64 22.65
4.43 8.79
6.60 1.52
1.43 20.18
9.10 7.05
3.27 18.96
6.47 10.99
7.03 2.93
3.36 21.56
3.89 13.83
6.46 3.33
5.37 22.40
6.20 9.06
3.74 24.08
6.37 3.36
4.81 1.86
8.75 9.91
4.47 8.38
4.95 6.82
4.47 3.03
2.50 5.56
9.49 16.85
5.95 12.86
9.26 24.78
3.06 6.15
3.67 10.40
4.36 12.11
5.96 25.15
9.12 19.74
5.50 25.41
4.02 18.03
6.11 2.69
7.50 2.80
1.45 28.68
3.11 16.93
5.05 10.41
2.96 19.73
7.25 25.72
5.34 21.23
7.33 23.65
9.87 0.57
3.59 20.62
2.71 16.05
5.44 12.94
1.97 1.09
3.97 5.51
3.92 25.08
9.05 4.51
3.91 28.45
3.29 2.42
1.74 23.76
1.34 25.03
9.22 27.87
7.29 7.64
5.98 13.31
5.53 13.39
6.51 25.55
3.76 2.47
4.45 20.27
7.39 22.66
4.71 1.17
3.51 0.24
4.20 21.80
6.76 1.48
9.07 11.18
7.21 7.53
4.04 17.96
5.96 22.59
1.09 27.83
7.60 21.51
4.40 13.41
5.84 28.49
5.41 24.36
9.18 8.45
7.70 23.98
4.48 19.52
3.61 18.30
4.77 24.55
1.82 8.83
1.51 1.43
2.42 0.90
6.75 6.40
1.43 11.92
4.34 15.48
7.72 23.04
6.15 1.40
5.36 16.90
1.44 24.77
7.02 8.21
3.54 0.86
7.80 25.10
9.19 14.70
4.04 5.69
8.34 0.92
8.94 6.24
2.30 5.18
7.43 0.10
7.67 28.22
5.82 14.45
6.97 16.02
8.65 29.51
2.49 10.51
8.78 10.89
6.93 11.05
9.18 23.90
6.07 13.48
9.93 15.62
6.77 12.37
3.04 9.82
2.11 6.31
9.96 28.19
7.65 27.20
1.64 14.53
8.71 7.41
3.00 0.75
4.51 15.57
4.10 11.15
5.14 19.56
6.45 13.55
5.97 12.11
1.41 17.74
3.65 8.30
7.51 13.95
3.89 28.06
5.69 2.04
7.87 29.84
4.07 2.22
1.13 14.94
8.23 14.12
6.57 9.80
4.62 27.77
9.03 28.45
9.32 4.46
6.22 6.07
9.07 4.80
4.10 13.41
8.27 1.65
6.45 25.72
5.44 27.93
3.71 7.92
8.74 26.28
9.74 5.11
2.40 18.30
9.81 14.86
9.77 25.10
8.52 6.43
3.56 5.84
3.73 22.66
6.27 26.13
1.50 7.40
8.14 16.31
4.56 11.73
9.99 23.17
2.90 6.70
2.16 11.07
9.16 8.74
2.69 9.73
2.44 17.88
5.91 26.78
4.50 11.05
5.86 0.92
2.17 7.46
9.54 10.07
5.94 16.85
4.59 13.14
2.65 7.71
1.39 20.80
7.05 29.17
7.54 29.31
8.40 21.31
4.37 21.69
8.58 8.70
5.68 14.48
3.98 3.75
9.08 20.44
6.47 1.27
4.13 27.58
9.03 18.24
4.11 28.95
5.73 17.96
2.32 28.05
3.32 18.69
5.41 12.77
4.11 11.48
6.24 2.74
5.59 24.14
1.22 29.16
1.16 8.91
4.24 25.17
6.95 25.13
1.95 25.44
8.12 26.97
2.28 14.35
5.58 27.92
4.09 12.71
7.67 18.96
8.81 2.93
6.09 1.12
7.02 13.07
2.33 10.42
3.09 24.00
6.12 22.60
4.42 29.24
3.79 28.81
9.29 2.03
3.92 26.56
9.39 27.39
1.61 4.85
9.29 7.72
9.58 18.47
7.10 25.68
3.38 28.82
9.15 20.83
2.51 3.33
9.84 9.01
6.44 10.71
6.81 10.85
1.54 10.22
1.22 9.44
2.89 9.20
7.06 7.86
9.07 12.45
8.50 15.25
4.23 15.32
8.25 29.76
4.40 8.70
2.67 13.21
8.00 19.44
1.78 1.98
2.03 15.81
4.09 11.93
4.95 13.07
3.47 4.34
6.70 3.40
1.42 11.37
7.93 8.48
4.53 23.40
3.86 24.01
7.90 22.77
8.05 4.79
6.24 22.80
4.03 21.89
9.84 0.11
5.73 6.44
5.86 22.23
8.79 8.14
2.11 29.59
4.14 1.90
6.85 28.07
9.38 27.66
9.98 19.98
3.20 4.09
7.68 14.22
9.37 14.58
7.72 29.40
1.23 2.61
9.38 6.35
2.40 18.84
8.84 9.90
4.23 26.04
6.87 22.30
6.82 7.46
1.18 3.84
8.41 12.24
2.73 28.19
8.00 16.04
2.05 5.04
7.09 24.11
8.88 11.55
3.26 25.06
5.68 1.69
8.10 21.81
4.82 28.58
6.05 29.48
9.45 25.53
5.64 10.50
9.36 8.50
8.76 15.35
8.08 20.60
5.97 12.09
6.64 18.78
9.92 26.07
6.04 29.67
1.76 27.26
6.49 1.44
8.19 17.76
1.61 27.25
9.36 6.09
5.78 9.49
5.16 21.23
7.97 5.65
6.52 0.37
2.23 2.04
2.25 7.91
3.44 14.50
2.77 8.49
7.77 24.18
9.76 2.05
2.16 28.74
7.17 18.27
8.95 5.60
3.39 10.19
1.96 5.43
9.24 2.80
9.76 22.35
4.17 28.35
8.57 16.01
6.85 22.21
7.74 29.71
1.50 16.41
8.45 4.26
6.57 3.77
8.70 21.25
7.46 8.16
4.19 23.53
5.41 17.84
9.01 28.25
7.75 29.01
4.66 9.68
6.35 22.26
6.37 3.00
7.46 24.90
7.29 1.10
8.45 3.21
9.18 10.87
6.35 25.89
8.80 2.70
3.22 11.59
7.33 27.11
8.22 16.06
3.09 29.41
1.63 5.02
9.53 26.19
2.06 6.05
3.17 26.80
6.47 0.78
9.21 17.53
3.05 21.78
2.69 17.16
7.55 6.59
5.23 25.14
7.58 18.91
7.41 16.68
2.03 8.61
4.31 4.49
9.82 11.21
1.36 25.82
6.47 9.50
6.65 24.16
3.08 2.27
2.49 28.38
6.11 8.38
7.59 22.26
2.22 27.37
4.84 29.14
7.52 23.86
4.24 14.66
8.25 7.87
6.03 24.12
6.76 15.13
9.96 20.98
4.72 1.92
2.34 23.23
7.02 16.94
4.58 24.77
5.86 20.79
8.52 19.39
3.60 18.02
4.21 11.43
5.55 24.57
5.07 28.40
6.14 7.18
6.26 17.19
8.07 14.28
2.00 22.39
1.30 12.13
2.96 4.44
8.64 5.63
1.29 21.57
6.47 29.04
1.23 15.56
5.38 4.57
2.64 24.22
9.69 18.64
7.73 26.46
4.22 3.05
7.87 28.07
4.68 10.08
5.06 27.70
2.65 27.21
2.10 5.24
5.28 28.87
4.39 10.60
8.20 9.61
1.27 19.48
7.78 8.10
4.22 21.97
7.27 23.37
4.79 8.32
9.94 19.85
9.92 19.78
2.02 12.33
2.22 7.67
6.15 21.34
2.42 12.11
3.89 10.15
1.74 25.16
4.14 20.65
1.64 15.48
2.70 5.64
9.92 9.67
1.40 22.46
2.17 19.68
