100
2
10 13 6 5
12 15 2 3
11 9 1 14
8 7 4 16
2
10 9 6 16
15 4 13 8
12 14 1 11
7 2 3 5
2
12 4 16 5
14 9 6 11
2 15 7 3
8 13 1 10
3
2 8 4 5
14 9 6 11
15 7 10 1
12 13 3 16
3
11 8 4 1
16 3 5 12
2 14 6 10
13 7 9 15
4
14 5 6 7
12 16 15 4
13 1 11 2
10 8 3 9
3
12 9 11 5
2 1 4 15
3 16 6 8
10 14 13 7
4
2 10 9 8
15 12 5 11
1 7 6 3
13 14 4 16
3
15 3 13 2
8 4 10 1
16 6 7 12
11 9 14 5
3
9 3 5 4
1 8 15 14
7 2 12 16
6 11 13 10
2
12 8 1 14
2 5 13 6
10 7 9 15
16 11 4 3
1
2 16 15 4
13 10 7 5
9 8 1 11
14 3 6 12
1
5 6 14 1
13 11 10 12
15 7 3 9
16 8 2 4
4
12 14 1 16
7 15 5 3
4 9 6 11
2 10 13 8
1
16 2 6 8
3 15 10 12
14 1 5 11
9 7 4 13
4
9 13 8 6
11 5 12 4
3 7 2 16
10 14 1 15
1
11 14 1 12
3 8 5 2
9 6 4 13
16 15 10 7
3
14 4 8 10
11 5 7 13
9 15 3 1
12 16 6 2
4
14 13 16 3
2 7 6 1
5 15 10 8
11 4 12 9
2
3 4 6 15
1 7 8 5
16 10 14 12
2 13 9 11
1
12 1 6 2
7 4 3 10
16 14 5 8
15 9 13 11
3
3 11 2 6
14 7 5 9
12 15 8 16
4 1 13 10
2
4 1 11 3
15 9 12 7
10 2 6 13
14 8 16 5
4
3 4 13 8
16 7 6 11
9 14 10 2
5 1 12 15
2
2 12 16 8
14 9 7 5
6 15 4 11
10 3 1 13
2
13 15 10 3
14 11 16 1
5 7 2 8
6 12 9 4
1
9 16 14 15
7 1 5 8
3 2 4 10
12 6 13 11
3
5 14 9 13
10 6 1 2
3 16 7 12
11 15 8 4
1
8 14 13 11
7 2 4 12
9 5 15 1
16 10 6 3
1
3 2 1 13
8 7 15 16
9 4 10 11
14 5 12 6
3
4 12 1 3
7 5 11 14
10 16 15 2
13 9 8 6
2
3 7 4 12
2 10 6 15
13 5 16 8
9 1 11 14
2
13 7 2 8
11 5 12 6
14 4 1 16
9 3 10 15
2
3 8 15 1
11 6 5 12
13 10 14 9
4 2 7 16
4
11 5 4 10
14 13 15 2
7 9 16 6
12 8 3 1
3
1 16 15 5
3 14 7 13
9 6 10 8
2 4 11 12
3
16 10 8 14
11 7 13 15
4 12 5 3
6 9 2 1
2
12 8 1 2
3 14 10 6
16 7 13 9
5 15 4 11
1
10 12 6 16
14 1 3 11
4 2 13 15
9 5 8 7
3
1 14 15 13
11 9 3 5
6 10 16 7
4 2 12 8
3
15 2 16 10
13 3 1 8
5 6 7 11
14 9 4 12
1
6 2 11 3
1 8 10 14
4 12 5 9
15 7 16 13
2
6 4 11 7
16 12 13 9
1 5 14 3
8 2 10 15
3
3 14 13 11
1 16 5 8
2 10 15 6
4 9 12 7
4
5 12 11 8
14 16 6 7
10 4 3 2
1 15 13 9
4
11 16 3 12
14 7 10 13
9 2 15 6
1 4 8 5
4
10 11 15 6
9 8 3 16
5 1 12 14
7 13 2 4
4
16 12 8 5
11 1 4 2
6 14 13 15
3 10 9 7
4
5 11 9 16
4 2 13 14
3 6 8 10
7 12 15 1
2
1 16 9 4
13 12 5 3
6 10 2 15
14 7 11 8
3
4 12 9 2
16 7 11 3
5 14 10 15
8 1 6 13
1
14 1 5 4
10 12 7 8
2 16 13 9
15 11 6 3
1
16 12 3 8
11 9 6 1
15 10 4 7
2 14 13 5
2
9 14 11 3
13 5 12 1
6 8 4 2
7 15 10 16
4
16 1 14 6
5 7 10 12
4 15 11 3
8 13 9 2
2
8 9 4 15
13 1 10 5
7 12 11 14
3 6 2 16
3
9 11 13 7
6 4 5 3
2 14 10 12
1 15 16 8
1
14 8 10 1
6 9 15 7
12 11 2 4
3 13 16 5
1
16 8 3 6
2 11 5 12
1 14 13 7
15 4 10 9
4
13 7 6 1
10 3 2 14
15 16 8 9
11 12 4 5
1
2 1 9 6
16 12 5 11
8 7 14 4
10 3 15 13
2
13 4 14 12
6 2 1 9
11 7 5 3
15 16 8 10
1
11 14 4 10
13 6 7 12
3 9 5 15
16 8 2 1
3
12 1 15 5
7 2 10 16
8 14 4 13
9 6 3 11
2
13 3 2 9
14 12 1 15
4 16 7 5
8 11 10 6
4
9 14 8 1
5 4 6 13
7 3 2 15
16 11 12 10
3
7 3 13 4
6 1 15 2
16 9 12 10
14 5 11 8
3
3 9 14 12
10 11 13 16
2 1 8 6
7 4 15 5
2
5 1 9 15
3 14 10 16
4 12 7 2
11 8 6 13
2
4 11 12 15
1 5 6 16
14 3 9 8
7 13 2 10
3
3 11 5 2
6 9 1 8
16 7 14 4
10 12 15 13
3
1 15 6 7
11 16 12 8
2 9 3 4
14 5 10 13
4
9 6 10 8
14 5 1 13
2 12 4 11
7 16 15 3
3
6 4 16 8
5 9 10 14
1 13 11 2
15 3 12 7
4
8 15 5 12
7 11 2 16
1 10 3 14
4 6 13 9
2
8 1 3 15
11 7 14 2
5 10 12 4
16 6 13 9
1
5 7 1 11
10 2 6 13
15 9 8 16
14 4 3 12
4
6 16 5 4
12 15 3 14
13 9 8 10
11 2 7 1
3
14 13 10 1
9 11 12 2
8 6 5 7
16 15 3 4
3
14 3 9 12
6 5 2 8
10 7 13 16
11 15 1 4
2
14 15 12 5
10 7 11 2
3 4 8 9
13 6 16 1
1
12 7 5 4
3 14 13 6
11 1 8 10
16 2 9 15
2
4 3 9 6
5 13 2 8
7 16 14 10
1 11 12 15
4
3 14 7 13
5 8 10 6
2 11 16 12
9 1 4 15
2
6 4 12 15
9 2 13 8
14 5 16 3
7 1 10 11
2
6 1 3 12
16 14 9 15
5 7 11 4
10 13 8 2
1
3 11 10 1
15 4 16 6
14 7 5 13
2 8 12 9
3
12 5 10 3
13 2 9 16
14 1 4 7
15 11 8 6
1
16 9 2 7
14 3 13 11
4 6 12 10
5 1 8 15
3
6 11 9 2
8 5 3 14
13 1 12 16
10 4 7 15
2
6 13 7 14
15 4 11 9
3 12 10 5
1 16 2 8
4
12 14 1 3
6 16 13 15
8 7 10 11
4 2 9 5
1
1 4 13 3
12 5 6 15
14 2 16 10
7 11 9 8
2
2 3 7 4
11 9 13 12
14 1 6 5
10 16 8 15
4
5 12 8 15
9 3 4 13
10 2 1 7
6 14 16 11
2
3 10 7 13
16 6 14 11
8 4 9 1
5 12 15 2
1
6 3 7 15
2 1 8 14
11 9 10 16
5 12 4 13
1
16 7 4 5
15 12 8 10
1 9 14 3
2 11 13 6
2
2 16 12 14
5 11 10 3
7 1 9 15
8 13 6 4
4
9 11 2 6
16 13 8 5
15 1 12 14
7 4 3 10
1
15 13 7 4
5 2 3 6
10 12 14 8
9 1 11 16
4
9 8 15 12
2 10 4 16
7 11 5 14
1 6 13 3
1
9 1 11 16
7 10 12 3
15 14 2 5
6 4 13 8
4
6 12 13 5
10 16 11 1
9 3 7 8
15 4 14 2
3
14 1 15 9
11 5 8 3
12 2 13 4
7 16 6 10
4
2 12 7 4
10 8 13 3
16 6 14 5
9 15 1 11
1
6 7 13 10
15 16 1 8
11 2 5 14
12 3 9 4
1
2 16 4 1
13 6 5 11
3 15 9 7
8 10 14 12
2
6 3 5 2
1 10 14 4
12 13 9 8
16 7 11 15
4
3 13 8 4
14 7 1 9
2 10 5 15
16 6 12 11
4
1 13 11 9
4 3 12 15
2 14 8 5
6 16 7 10
3
13 9 11 5
15 1 12 2
4 6 7 10
3 16 8 14
3
7 9 16 13
2 8 11 15
3 14 4 1
5 6 10 12
4
8 11 4 5
12 2 15 1
3 10 13 7
9 14 16 6
3
2 4 15 1
6 16 5 12
8 14 11 7
3 13 9 10
3
6 2 12 5
4 8 13 3
9 16 10 15
1 7 11 14
1
7 3 14 16
11 8 1 10
9 4 13 12
2 15 6 5
3
10 15 16 9
11 4 1 3
7 8 5 13
14 2 6 12
1
7 2 15 16
12 10 11 8
3 6 4 5
9 14 13 1
1
5 3 8 12
9 10 7 2
16 1 6 14
15 11 4 13
4
9 2 1 8
5 12 4 14
10 3 6 15
11 13 7 16
4
10 12 7 1
15 4 6 14
3 5 13 2
16 8 9 11
1
6 12 8 16
14 4 15 1
3 9 11 7
2 10 5 13
2
14 15 1 7
3 2 13 5
8 16 11 12
10 4 6 9
1
8 1 16 11
3 15 9 5
4 13 7 14
12 10 2 6
4
9 15 14 6
3 7 13 12
2 10 5 4
1 8 16 11
4
16 1 8 5
11 10 3 13
7 14 2 4
12 6 15 9
4
14 7 1 11
6 5 13 3
8 12 10 16
4 2 9 15
2
4 12 11 2
5 7 6 10
13 16 3 14
9 8 15 1
2
5 15 6 11
10 9 16 7
12 8 2 4
1 14 3 13
2
13 16 14 4
3 2 11 6
8 1 7 9
5 12 10 15
4
11 5 4 8
6 7 1 13
14 15 3 2
16 12 9 10
2
11 9 2 13
4 6 15 5
16 1 10 14
3 7 12 8
4
14 4 8 2
12 16 9 3
1 13 7 11
6 15 5 10
4
16 14 6 5
12 8 4 10
9 2 7 3
1 13 11 15
1
11 13 15 1
14 12 10 9
8 6 16 4
5 2 7 3
4
12 10 3 16
9 8 14 1
6 15 13 11
7 4 5 2
3
8 12 11 7
16 14 15 9
1 13 6 3
4 10 2 5
1
2 8 15 3
1 7 12 14
5 6 9 16
13 10 11 4
3
2 13 15 14
12 6 3 8
5 16 4 7
11 10 1 9
2
5 10 6 7
14 1 2 11
12 13 3 16
4 15 8 9
1
9 14 12 8
13 16 1 3
2 6 15 5
7 10 11 4
2
3 5 10 4
7 14 1 8
13 12 6 9
15 2 16 11
4
2 9 10 11
12 7 14 4
15 8 5 3
6 1 13 16
4
2 8 16 4
3 11 5 6
7 10 12 1
14 13 9 15
1
16 11 6 7
2 1 9 15
3 12 4 8
10 14 5 13
1
10 12 11 15
6 1 4 2
5 3 7 8
16 14 9 13
3
4 16 3 7
6 2 13 1
10 11 15 12
9 5 14 8
3
16 11 5 2
1 10 6 12
15 14 3 8
13 7 9 4
1
15 3 2 8
14 1 9 11
4 12 7 5
6 10 16 13
2
10 4 11 3
14 2 6 1
9 5 12 13
7 8 15 16
4
16 13 7 3
2 10 1 14
8 12 11 6
9 15 5 4
2
12 3 1 9
15 6 14 13
16 10 2 5
8 7 11 4
4
2 10 7 4
6 13 16 14
5 8 15 11
1 3 9 12
3
11 6 14 12
4 9 2 13
1 16 7 15
10 5 3 8
1
8 16 1 12
4 9 5 11
3 13 10 7
14 15 6 2
4
12 4 16 1
11 2 9 10
15 3 14 5
6 8 13 7
4
6 9 13 16
12 11 3 15
10 1 2 8
14 7 5 4
1
12 13 8 16
3 14 5 1
4 9 11 10
6 7 15 2
1
16 13 8 12
14 11 9 1
7 6 3 2
15 5 4 10
4
16 10 3 5
8 11 1 2
13 12 15 7
4 6 14 9
1
7 13 8 9
2 15 5 6
12 11 14 16
10 3 4 1
3
10 3 13 15
12 5 7 6
11 8 4 9
1 14 16 2
2
15 13 12 10
9 11 4 8
1 2 7 5
16 6 14 3
1
11 1 12 10
15 13 2 5
14 9 7 8
4 16 3 6
3
6 9 3 13
14 2 4 8
1 12 11 10
7 16 5 15
1
1 16 11 6
14 9 5 8
4 3 13 2
7 15 12 10
3
7 6 1 8
2 11 9 14
4 16 10 15
3 13 12 5
4
4 13 10 2
5 12 6 15
8 9 16 7
3 1 14 11
4
1 12 15 16
10 8 9 6
7 3 14 4
2 11 5 13
3
5 3 15 12
16 1 14 8
6 13 10 2
4 9 7 11
4
9 15 14 12
7 11 8 1
3 5 16 4
10 6 2 13
3
8 3 14 9
16 7 13 5
4 2 6 15
1 10 11 12
2
6 3 14 5
7 11 2 4
15 9 10 16
13 1 12 8
3
3 14 4 10
9 13 6 8
7 16 1 12
15 11 2 5
3
2 6 11 5
10 14 13 9
16 4 8 1
15 3 12 7
1
4 13 14 11
3 5 10 8
9 12 15 16
6 2 1 7
4
14 10 4 15
7 1 5 13
16 9 12 6
11 8 2 3
4
11 3 13 2
7 4 10 1
6 5 16 9
14 15 8 12
4
10 5 14 2
11 6 1 8
16 9 12 4
13 7 15 3
1
16 13 4 8
15 5 1 11
3 7 2 10
9 6 14 12
1
15 11 10 12
14 8 16 7
9 13 4 2
6 1 3 5
4
15 12 10 4
16 13 3 7
14 5 8 11
1 9 6 2
3
4 3 6 2
10 5 11 9
12 15 14 8
16 7 1 13
1
12 4 2 7
16 15 11 13
1 3 14 10
6 9 5 8
1
16 1 9 15
11 2 5 3
4 12 14 8
7 10 6 13
2
1 11 4 7
16 13 5 2
15 12 9 3
14 6 10 8
4
2 6 14 16
7 4 1 5
11 12 3 9
13 10 15 8
4
10 13 1 14
15 7 4 3
6 9 5 2
11 16 8 12
1
13 15 7 2
3 6 10 5
16 14 4 9
1 11 8 12
3
9 5 10 4
1 14 13 11
8 12 6 3
2 7 16 15
2
11 8 6 13
9 15 5 7
2 4 12 1
3 10 16 14
2
14 12 3 1
4 16 5 10
13 8 2 9
6 15 11 7
3
5 4 8 10
14 13 9 6
12 7 2 3
16 11 1 15
4
4 2 6 16
8 11 7 14
3 10 12 5
1 13 15 9
1
3 11 6 8
14 12 15 1
7 9 2 4
13 10 16 5
1
3 15 12 11
1 2 7 5
16 10 4 13
8 6 14 9
4
4 16 5 15
9 2 13 8
14 6 7 1
11 12 3 10
2
8 2 11 16
4 13 6 9
3 12 10 1
14 15 7 5
2
14 12 10 1
2 13 5 15
9 8 11 3
7 6 4 16
