100
61.42898 3.05487 302.06840
113.005 1.42 392.878
491.37909 1.43935 1912.52999
498.70286 1.05869 1914.95538
374.91942 3.300 713.99119
497.33980 1.25110 1945.12325
365.0 2.0 1820.6966
39.70049 3.35771 1209.98153
102.0 2.0 47.0
496.92718 1.06791 1968.37110
135.0 3.0 723.0
42.59102 2.49541 1480.14793
405.95101 3.64 298.0133
497.58316 1.08623 1993.96831
500.0 3.99 737.0
495.53840 1.09401 1931.42015
82.99956 1.14667 1252.68830
417.00000 4.00000 448.00000
241.00000 2.00000 482.00000
491.44078 1.25398 1972.96662
398.05 2.0 1996.05
8.0 1.0 1061.13
498.46592 1.10103 1909.97321
314.0 4.0 299.0
10.76857 3.70331 353.29035
498.81094 1.44077 1963.18088
421.68600 1.81334 1993.30626
493.62156 1.02114 1986.98969
495.74146 1.06190 1967.85618
423.22338 2.94699 523.50769
1.03204 3.53000 1999.47550
498.66293 1.26579 1920.05698
490.11493 1.44644 1986.52409
1.08281 3.86182 1.69556
207.0 1.0 1294.0
264.5 4.0 161.32
483.00000 2.00000 966.00000
495.91684 1.10622 1937.57250
14.0 3.0 205.0
496.96018 1.38497 1917.03425
275.95029 3.48615 562.16681
1.07215 3.24847 1999.13686
432.022 2.84 1674.710
498.7728 3.40384 1635.29764
220.661 1.9 1573.9039
482.00000 3.00000 515.00000
498.26810 3.36991 1599.63541
399.26183 2.65304 777.60227
491.89068 1.13053 1983.92725
490.85238 1.31307 1934.60580
190.0 4.0 173.0
114.40400 3.13598 279.15133
289.01616 2.3 1633.56315
490.03778 1.39735 1938.83085
480.70122 1.53724 915.26854
195.0 3.91 694.0
491.94908 1.30086 1920.50402
496.11346 1.15532 1999.96033
177.0 1.0 1404.0
492.75108 1.15347 1900.42311
79.0 4.0 970.0
492.80930 1.04820 1965.33239
24.41425 2.94133 1128.72538
75.0024 3.58096 295.8572
495.38095 1.06407 1961.82393
172.31639 1.44561 1231.15106
495.87297 1.02297 1983.06604
95.39964 2.42429 1657.34945
380.00000 2.00000 760.00000
491.73198 1.21399 1925.51444
497.59017 1.21928 1902.53238
1.04570 3.90699 1999.62956
436.91583 1.00000 1683.1
84.1 1.01 1900.982
495.03454 1.45864 1905.95049
498.45494 1.42192 1995.24607
496.56292 1.21491 1953.00761
1.09250 3.13156 1999.45760
108.3815 2.0 1.0000
491.83085 1.07881 1941.05664
338.1 3.50 2000.0
240.52262 2.08134 725.20634
236.00000 2.00000 472.00000
361.97375 3.04328 528.93192
498.35976 1.31352 1980.10579
497.45162 1.01753 1966.73629
440.0 4.0 1609.0
494.90496 1.41855 1921.09625
116.0 3.0 238.0
491.30558 1.45701 1942.86292
250.0 4.0 1224.0
3.13782 2.69090 75.70351
116.86688 3.79808 580.21677
449.00000 2.00000 475.00000
158.0 4.0 1893.0
309.00000 4.00000 345.00000
2.90277 2.72968 115.73059
1.00 2.6 97.0
496.35228 1.25186 1903.87200
37.0 1.0 1127.0
