100
336.154 1.3834 204.932
1356.20246 67.48457 653.91351
1.03124 99.82359 99999.85382
1146.42160 55.14200 558.57204
2694.0 31.0 46571.0
9996.53851 1.05461 99963.38337
9992.68890 1.10665 99980.07904
2717.00000 2.00000 5434.00000
465.07666 96.43821 189.36693
9991.68504 1.07681 99921.19653
185.88843 85.00806 437.07434
9992.61169 1.18630 99940.64313
572.96962 21.16295 254.24071
5411.0 68.0 12304.0
9996.88306 1.32112 99942.92271
8632.00000 35.00000 9572.00000
9993.60056 1.24040 99964.71306
618.470 55.07575 123.963
9993.32002 1.28014 99979.70272
9998.05165 1.10543 99978.63859
536.61 52.0 104.24956
634.97433 14.41253 302.91551
368.04636 96.29876 212.50332
408.51943 21.794 22.633
9993.76367 1.43662 99989.27344
6932.00000 15.00000 7625.00000
40.15595 65.86707 50.83118
9998.03576 1.49102 99986.39882
9995.27155 1.06378 99959.50492
9994.46855 1.42439 99945.09137
9995.18608 1.27222 99960.84863
4708.0 11.0 35203.0
9992.47141 1.30381 99982.22133
532.840 84.4906 173.80745
9998.56514 1.36089 99991.35743
1.07267 99.16624 99999.92723
9421.0 8.0 59429.0
9997.11412 1.46379 99910.23771
323.53048 40.29270 823.28368
1195.24671 58.20460 892.12580
1213.10277 32.25747 34.44
1398.47205 28.68325 977.11046
73.57680 72.78671 116.63790
9991.42566 1.05343 99967.26696
9991.27404 1.19736 99917.38749
1056.3140 13.466 333.07056
961.73378 59.67514 173.89378
7691.00000 2.00000 15382.00000
1239.8 89.5671 191.303
9990.12063 1.25126 99990.63073
5676.0 7.0 98955.0
412.2 4.118 148.45613
6306.00000 82.00000 6510.00000
1256.86937 61.30719 1084.36308
8710.0 73.0 54617.0
6645.0 1.0 44659.0
10000.0 8.173 45.0
5313.0 21.0 70764.0
255.28666 25.0 1001.3
9996.68692 1.44676 99963.27712
9991.16970 1.08114 99981.17186
7341.00000 26.00000 7650.00000
686.34620 87.73344 764.49772
9998.27523 1.40583 99980.47611
9998.23309 1.09009 99953.18525
326.0 55.83 449.2
9998.74397 1.02255 99970.20260
8652.0 50.0 40068.0
634.25304 95.96115 173.49342
592.0 43.57641 100000.0000
9992.84306 1.40733 99997.73168
9994.33506 1.07019 99966.07933
9995.60399 1.09550 99968.63717
386.18356 3.72258 342.99803
9998.18334 1.23926 99973.80761
497.8796 57.857 657.3
9917.0 84.0 92838.0
6503.00000 2.00000 13006.00000
258.68896 81.19495 393.80182
684.0 34.62 615.0
1035.0 2.0 23030.0
2425.0 72.0 57332.0
4729.00000 2.00000 9458.00000
9991.84804 1.19039 99952.24722
117.44037 79.72630 434.33864
398.636 7.21211 271.0
543.58059 51.90962 382.09927
1.09257 99.92710 99999.31739
9993.08180 1.22288 99980.15562
232.24241 100.00000 795.5181
9996.90591 1.12865 99972.61677
1.02255 99.07619 99999.85310
9994.13735 1.20095 99942.77606
976.0 6.0 748.962
9996.22681 1.01628 99947.65845
334.0 76.0 87438.0
943.62377 4.12864 412.82303
9993.72398 1.45045 99961.06309
9994.40397 1.44052 99909.96117
556.55655 33.79227 585.0
