11
3 2 2 3
3 8
7 4
4
0 0
1 1
3 2
2 0
3
6 -1
7 1
8 2
3
-1 -1
2 -3
5 -2
3 2 1 2
3 8
7 4
4
0 0
1 1
3 2
2 0
3
6 -1
7 1
8 2
3
-1 -1
2 -3
5 -2
3 2 2 3
3 8
7 4
4
0 0
1 1
3 2
2 0
3
6 -1
7 1
8 2
3
-1 -1
2 -3
5 -2
3 2 2 3
3 8
7 4
4
0 0
1 1
3 2
2 0
3
6 -1
7 1
8 2
3
-1 -1
2 -3
5 -2
3 2 2 3
3 8
7 4
4
0 0
1 1
3 2
2 0
3
6 -1
7 1
8 2
3
-1 -1
2 -3
5 -2
3 2 2 3
3 8
7 4
4
0 0
1 1
3 2
2 0
3
6 -1
7 1
8 2
3
-1 -1
2 -3
5 -2
3 2 1 2
3 8
7 4
4
0 0
1 1
3 2
2 0
3
6 -1
7 1
8 2
3
-1 -1
2 -3
5 -2
3 2 1 2
3 8
7 4
4
0 0
1 1
3 2
2 0
3
6 -1
7 1
8 2
3
-1 -1
2 -3
5 -2
3 2 1 2
3 8
7 4
4
0 0
1 1
3 2
2 0
3
6 -1
7 1
8 2
3
-1 -1
2 -3
5 -2
3 2 1 2
3 8
7 4
4
0 0
1 1
3 2
2 0
3
6 -1
7 1
8 2
3
-1 -1
2 -3
5 -2
3 2 1 2
3 8
7 4
4
0 0
1 1
3 2
2 0
3
6 -1
7 1
8 2
3
-1 -1
2 -3
5 -2
