219
232
58
99
46
219
232
58
99
46
219
232
58
99
46
219
232
58
99
46
219
232
58
99
46
219
232
58
99
46
219
232
58
99
46
219
232
58
99
46
219
232
58
99
46
219
232
58
99
46
219
232
58
99
46
219
232
58
99
46
219
232
58
99
46
219
232
58
99
46
219
232
58
99
46
219
232
58
99
46
219
232
58
99
46
219
232
58
99
46
219
232
58
99
46
219
232
58
99
46
219
232
58
99
46
219
232
58
99
46
219
232
58
99
46
219
232
58
99
46
219
232
58
99
46
219
232
58
99
46
219
232
58
99
46
219
232
58
99
46
219
232
58
99
46
219
232
58
99
46
219
232
58
99
46
219
232
58
99
46
219
232
58
99
46
219
232
58
99
46
219
232
58
99
46
219
232
58
99
46
219
232
58
99
46
219
232
58
99
46
219
232
58
99
46
219
232
58
99
46
219
232
58
99
46
219
232
58
99
46
219
232
58
99
46
219
232
58
99
46
219
232
58
99
46
219
232
58
99
46
219
232
58
99
46
219
232
58
99
46
219
232
58
99
46
219
232
58
99
46
219
232
58
99
46
219
232
58
99
46
219
232
58
99
46
219
232
58
99
46
219
232
58
99
46
219
232
58
99
46
219
232
58
99
46
219
232
58
99
46

