1000 9875
364 558
146 761
973 196
599 14
893 301
128 259
756 539
272 42
660 3
532 824
521 189
243 761
635 203
172 715
160 3
829 916
915 405
865 834
42 235
670 489
857 230
696 36
550 131
808 574
260 181
688 696
969 589
548 691
679 506
647 856
260 350
892 559
37 54
735 931
153 521
575 522
861 969
532 863
311 296
866 33
294 574
776 265
88 353
144 211
110 41
758 226
944 618
509 268
301 419
583 269
417 750
610 429
297 516
267 364
451 475
782 573
287 97
897 725
537 382
420 326
650 935
511 303
360 255
129 508
270 244
222 729
206 194
779 358
484 480
675 89
141 621
970 519
827 114
777 649
261 632
465 469
963 338
360 317
638 80
31 386
879 334
347 41
537 9
472 685
851 489
889 542
546 329
910 798
840 118
56 965
219 19
517 728
580 617
476 40
232 759
759 522
591 843
47 766
301 666
308 202
665 655
575 180
800 674
75 688
462 141
277 212
583 766
394 622
513 764
271 228
240 494
673 502
252 669
554 403
863 431
683 829
562 902
835 390
366 919
740 265
703 391
445 115
619 584
781 505
730 483
161 548
507 851
648 50
942 692
65 384
374 394
585 601
715 458
265 983
549 79
734 69
757 236
637 774
212 183
737 848
653 114
747 91
620 235
359 145
185 662
704 182
232 663
753 21
599 504
123 818
396 364
535 227
918 233
832 874
671 995
254 155
558 435
781 442
819 901
769 232
571 36
845 957
920 364
8 870
813 159
45 309
725 423
59 889
760 986
980 743
260 146
642 952
918 533
383 994
30 437
200 384
402 708
975 989
281 705
922 624
447 212
345 310
787 331
842 930
55 947
250 904
228 453
854 369
569 7
271 75
338 1000
291 26
322 177
416 54
809 673
293 272
994 767
596 671
722 686
100 878
750 160
97 736
294 954
798 634
788 835
17 487
182 955
734 372
499 805
622 713
9 532
344 165
679 531
723 995
207 306
597 902
688 942
835 785
268 406
677 62
511 232
115 659
139 387
191 986
953 338
714 53
897 627
643 115
417 716
884 579
795 348
927 331
969 65
272 255
898 95
202 368
775 950
386 363
767 153
515 218
989 143
628 369
719 90
478 684
370 907
453 466
332 741
28 436
561 25
817 119
413 868
251 843
400 625
233 836
711 952
827 299
996 418
444 985
693 462
163 941
788 438
384 948
372 619
467 965
821 438
450 141
512 432
548 594
698 423
994 974
890 655
472 570
124 75
695 566
882 27
42 466
859 265
643 868
810 591
743 943
980 952
179 260
803 862
330 696
355 71
961 937
566 547
700 593
637 824
352 975
424 332
117 705
578 117
616 288
327 170
78 1000
669 731
304 817
191 651
61 452
788 814
268 299
253 739
93 282
729 274
141 132
63 409
787 622
607 273
991 758
981 428
620 156
268 9
567 935
73 167
827 794
336 799
723 221
634 256
27 722
599 185
359 217
343 564
861 55
609 198
663 481
376 95
693 878
290 743
131 545
957 629
844 171
410 488
693 671
110 515
813 86
371 326
620 608
103 104
769 208
629 990
711 924
693 433
732 888
292 682
591 278
526 978
461 205
797 659
245 854
67 106
513 68
508 40
238 385
864 816
663 794
9 293
1000 144
104 997
358 558
553 800
181 111
6 394
176 417
712 371
566 370
551 234
919 646
265 109
268 820
488 354
930 393
604 592
361 511
492 282
783 100
921 82
916 699
995 194
501 405
268 538
997 509
563 311
467 394
86 352
8 182
942 665
321 849
397 92
362 926
93 461
614 817
532 856
165 299
559 1
961 786
176 630
728 3
875 180
852 900
61 369
120 819
541 647
249 913
412 989
197 81
442 264
560 603
939 980
652 139
230 411
175 622
13 383
71 713
611 556
794 84
334 389
372 120
309 585
921 79
79 371
600 394
534 397
827 117
244 289
427 771
600 569
450 416
713 382
254 862
656 293
868 734
919 976
817 264
73 616
388 525
488 17
956 495
347 246
184 464
716 75
544 986
130 478
160 979
199 466
471 297
169 523
497 182
356 255
837 904
329 845
147 60
954 692
598 967
263 754
971 283
535 890
82 810
673 501
86 162
473 95
381 894
455 27
332 294
596 747
208 732
122 894
285 632
45 354
825 419
204 872
541 295
781 504
240 92
443 657
395 383
856 438
717 695
331 452
957 392
338 472
374 314
586 370
731 871
843 353
754 700
60 13
633 821
546 964
516 296
554 615
480 248
852 384
158 529
359 144
864 350
979 127
158 672
568 934
254 9
20 705
565 971
983 972
305 173
64 564
263 108
282 154
335 660
955 196
59 779
172 42
101 156
564 804
46 759
38 647
367 57
963 222
930 13
992 318
367 174
993 619
867 570
405 973
881 706
674 6
487 833
766 551
592 891
793 428
355 767
686 673
708 825
232 114
177 951
346 998
57 105
406 884
621 665
18 260
965 813
772 685
317 280
890 586
674 859
804 798
380 376
200 718
882 982
241 38
496 735
925 330
604 655
588 4
530 705
461 313
814 153
820 471
235 657
364 59
518 618
668 3
156 815
145 58
644 20
536 693
973 672
903 777
210 608
429 898
361 980
624 990
109 922
61 75
95 573
653 64
549 98
420 42
169 366
44 622
165 762
918 424
279 358
429 59
656 135
576 430
46 454
549 469
92 384
663 333
384 425
334 509
689 210
591 31
349 640
554 736
292 544
940 116
559 994
484 264
51 999
31 325
238 379
99 979
261 448
779 717
898 981
440 285
902 75
501 892
212 769
621 603
272 858
38 909
419 669
258 773
962 273
750 848
216 627
569 433
54 443
95 709
811 28
9 234
708 940
721 303
946 652
583 705
436 158
990 733
437 707
144 281
796 398
134 557
248 657
179 37
472 89
641 314
446 589
765 881
416 672
805 394
279 55
411 359
218 871
90 65
841 335
839 812
474 864
808 128
360 961
317 962
357 533
73 166
457 199
626 933
942 62
639 16
791 303
25 436
408 300
689 877
905 952
784 71
289 639
16 209
126 12
220 81
917 373
810 999
672 780
586 846
439 870
489 481
950 150
228 858
695 198
298 680
375 906
238 620
604 121
622 505
489 259
219 422
592 700
186 293
59 529
647 496
467 992
278 391
379 316
441 977
830 341
622 219
21 399
406 828
277 130
985 317
769 524
825 205
782 314
862 562
380 416
83 883
930 794
976 359
141 451
317 433
999 693
658 399
382 649
952 144
184 378
921 839
777 491
246 456
963 209
334 863
830 864
92 898
838 287
86 464
269 16
536 749
577 7
563 212
321 785
144 213
608 618
662 779
535 507
295 886
408 618
192 193
746 680
943 790
32 634
435 615
109 644
22 5
116 416
245 324
549 284
941 226
538 94
81 985
867 774
561 471
727 550
859 662
806 947
608 918
1 56
720 688
172 71
923 665
391 999
57 257
242 831
684 426
319 129
867 321
489 366
343 31
93 628
115 420
650 505
798 49
142 565
674 57
972 764
845 74
973 21
632 361
233 738
604 791
164 932
147 206
976 150
81 310
803 571
952 479
844 149
536 158
449 443
553 573
653 19
918 38
936 605
65 203
950 984
463 575
389 952
467 568
412 463
394 846
605 866
398 142
535 603
460 451
613 515
598 185
909 258
344 92
786 79
458 236
667 496
709 597
1000 615
839 214
904 877
253 682
786 369
823 299
601 278
16 492
953 957
606 1
7 374
705 496
814 241
602 872
749 519
475 446
757 12
25 451
188 793
542 696
782 543
533 923
145 554
480 811
650 601
172 261
466 230
504 461
140 875
513 455
895 259
823 38
115 245
119 773
374 790
370 285
58 681
998 155
635 884
162 497
774 675
58 206
208 351
6 166
104 768
525 634
713 490
56 995
972 657
100 468
307 722
968 824
471 351
975 991
670 107
410 997
820 924
693 138
716 285
389 105
444 587
735 603
142 819
659 135
915 241
95 881
338 998
523 468
584 710
624 531
363 569
973 460
194 428
467 615
412 444
470 366
290 960
517 15
259 275
721 492
359 729
530 138
783 204
182 953
401 70
761 568
777 291
62 311
155 115
569 215
634 153
282 882
608 362
515 768
74 496
330 70
168 117
791 951
193 454
750 973
622 553
443 922
830 538
779 996
117 539
805 856
199 569
243 848
576 48
334 288
170 833
7 475
874 317
106 835
129 280
301 122
319 861
789 293
811 693
620 536
62 941
470 514
932 307
119 745
529 569
881 826
254 772
457 614
595 840
391 815
768 782
788 449
419 446
383 881
559 850
564 680
357 406
927 798
108 796
380 985
38 563
3 844
868 870
470 206
95 695
367 818
629 651
560 398
195 357
87 179
753 435
739 608
722 622
378 456
472 909
751 777
420 725
185 296
369 59
649 473
462 828
946 653
428 884
768 505
311 797
866 468
652 579
13 947
622 399
796 62
313 686
614 952
479 377
905 402
247 973
911 652
350 494
297 226
960 430
887 285
184 898
838 323
897 154
961 820
179 883
733 296
421 338
259 203
26 194
931 861
329 51
383 320
115 542
447 999
853 608
503 939
500 83
586 252
664 542
718 465
21 175
828 273
766 509
676 973
200 30
974 238
578 815
306 662
769 214
910 613
326 733
720 612
662 283
367 3
149 188
480 749
723 283
896 921
660 296
458 960
422 750
556 137
647 98
426 354
500 535
873 27
377 52
720 386
578 608
116 551
119 384
984 964
512 414
752 819
678 527
695 487
111 236
247 508
108 550
206 666
96 650
206 579
674 785
843 682
338 942
172 710
346 753
916 581
830 7
29 508
639 669
341 58
490 900
915 263
687 875
209 728
344 65
914 181
181 594
442 722
4 189
170 709
557 983
27 116
87 776
340 883
891 738
515 856
610 70
974 671
57 141
887 662
778 394
451 702
412 936
325 153
326 226
138 813
102 325
362 158
163 451
491 830
352 408
575 890
512 784
486 119
457 883
866 753
650 930
580 423
504 434
12 187
803 128
216 490
918 179
943 740
196 63
569 963
36 384
992 54
497 616
314 46
8 845
11 66
250 892
579 77
163 799
243 237
334 212
559 933
157 293
589 354
536 338
885 727
599 969
489 766
213 472
845 73
849 14
445 603
119 356
358 968
986 417
526 580
366 455
773 269
912 943
606 815
694 769
994 615
778 356
601 959
859 371
514 118
389 790
602 761
61 788
640 764
159 956
971 234
208 808
778 582
1000 330
86 275
363 378
373 813
635 54
252 638
201 756
413 993
183 572
39 568
961 449
523 887
819 44
503 559
723 930
421 145
145 493
202 22
865 446
204 584
80 710
248 424
970 19
790 366
352 326
281 172
528 313
804 905
236 328
187 372
904 588
727 886
229 319
291 178
849 652
847 393
962 858
391 151
528 487
755 742
662 118
735 580
166 992
196 396
125 290
631 66
805 534
755 663
771 922
791 455
266 222
567 60
132 833
272 451
531 157
366 935
519 441
996 570
120 269
867 14
690 681
51 909
327 968
744 418
785 788
290 426
585 679
366 129
883 25
495 487
579 496
584 410
767 651
898 507
704 787
725 951
772 62
216 665
949 63
734 831
368 628
204 458
815 666
651 653
655 845
694 749
109 451
644 466
973 282
687 133
269 403
380 378
316 978
172 654
602 503
434 421
420 912
523 693
553 314
23 330
123 294
697 763
936 349
847 553
403 896
978 968
302 374
604 204
334 780
731 837
148 719
439 344
830 539
157 903
467 19
897 624
456 256
701 790
210 787
248 162
304 340
175 435
795 91
311 51
775 640
709 396
214 826
505 678
750 856
720 859
168 434
633 162
103 258
415 134
20 854
920 476
336 739
744 316
871 825
107 596
971 955
148 242
906 802
194 624
195 185
872 723
979 601
708 121
86 701
241 388
204 264
556 53
78 273
206 842
137 321
299 107
876 966
453 787
440 398
702 490
684 145
78 384
51 564
204 494
99 256
996 18
523 354
513 648
952 408
223 163
964 583
949 309
199 186
735 260
717 825
759 386
602 459
506 484
821 875
109 201
368 461
445 71
490 560
194 70
181 637
421 46
842 78
783 336
771 376
674 167
293 228
666 590
387 99
524 608
946 206
162 801
542 72
630 843
644 921
60 64
406 444
923 194
88 137
53 853
535 465
791 75
244 734
353 59
28 533
610 415
438 892
793 867
447 707
413 690
748 379
935 781
58 323
538 201
408 302
501 616
827 744
974 892
296 611
614 295
638 497
20 874
186 94
461 1000
581 951
864 723
729 892
15 561
571 97
590 959
992 410
955 270
404 120
958 675
6 220
297 1000
251 557
953 289
394 353
688 18
872 719
764 997
363 964
270 528
612 689
404 350
323 134
622 366
114 968
313 156
578 656
800 666
301 707
693 193
531 794
343 641
882 58
792 302
523 398
195 721
101 687
366 610
891 185
513 517
648 828
374 128
160 118
342 866
456 781
218 436
630 497
729 32
342 989
844 311
568 779
499 798
596 432
498 759
815 150
361 769
507 527
459 736
499 911
264 402
14 738
18 673
348 696
990 251
559 2
856 251
875 169
783 586
145 290
921 385
195 519
137 974
331 752
841 250
658 992
552 99
763 212
486 116
348 77
388 441
166 858
803 131
550 956
798 394
951 184
537 412
441 311
668 946
206 113
137 558
452 209
128 167
928 793
727 262
964 180
603 284
492 693
664 136
617 104
388 3
720 367
313 79
551 601
9 326
879 316
803 684
313 184
366 865
834 874
907 762
13 647
307 918
704 982
502 186
66 51
621 826
536 783
129 719
801 189
565 140
968 730
826 728
593 691
795 923
247 150
692 1
144 631
286 140
847 935
153 719
460 509
248 715
411 3
122 95
196 954
453 735
144 789
875 374
305 916
188 70
444 56
658 802
121 536
739 341
633 826
639 244
314 655
747 528
689 969
999 236
172 368
653 255
825 979
742 289
983 969
824 942
235 417
560 856
957 954
266 223
953 639
612 900
188 744
7 100
679 732
211 697
858 516
430 661
806 812
807 509
112 914
198 104
850 928
632 341
86 809
147 270
744 306
872 263
689 375
81 397
574 570
77 962
793 433
100 421
851 743
29 127
746 499
578 728
688 312
601 617
858 120
807 1
419 960
995 289
708 986
910 314
469 74
959 811
277 382
414 724
364 935
38 32
576 711
709 789
928 68
70 721
566 714
146 129
592 337
687 802
75 588
602 278
566 869
844 383
301 423
22 903
653 863
529 465
947 126
605 614
183 688
296 76
320 82
981 291
288 560
926 911
676 358
679 492
184 880
336 823
118 649
594 938
496 593
642 253
779 708
136 834
525 472
177 42
822 698
625 692
718 507
595 108
63 514
543 244
980 434
40 372
988 69
471 174
680 445
239 178
771 663
700 622
518 239
901 765
82 204
256 625
119 446
342 411
803 663
328 757
521 426
703 950
945 634
894 551
110 22
8 322
247 395
750 102
471 579
592 896
777 18
778 317
66 123
371 243
894 769
900 232
174 525
194 471
422 770
456 786
471 929
295 528
351 159
174 636
913 252
809 931
222 392
227 274
981 229
579 807
605 729
606 274
936 314
64 149
497 380
448 116
71 306
165 953
500 264
83 288
726 522
252 205
879 780
368 54
611 854
279 278
852 84
670 989
844 976
187 447
395 413
357 611
174 171
838 242
720 937
313 575
595 411
752 232
714 311
521 953
10 446
452 111
556 357
779 462
232 497
432 243
180 625
662 281
96 320
439 912
873 392
432 834
395 342
753 522
775 171
65 672
172 892
157 240
569 752
932 902
773 390
997 120
746 440
531 684
425 441
246 515
483 335
637 178
51 531
323 278
56 251
8 382
461 444
778 334
427 372
978 716
113 317
506 295
217 936
866 213
287 759
149 215
526 915
354 843
308 384
133 315
652 797
853 558
193 64
660 588
166 189
278 330
27 118
231 494
477 938
978 913
516 69
652 466
688 923
303 850
108 138
74 54
112 205
790 320
630 3
727 198
516 929
548 424
365 646
993 421
810 533
724 51
693 940
231 93
553 205
975 98
79 89
830 675
653 218
603 851
628 222
650 814
827 171
315 127
686 98
840 270
452 60
182 205
542 637
524 216
232 606
345 865
811 524
426 546
963 345
729 863
882 411
722 240
431 964
323 71
824 608
767 512
257 373
665 368
775 143
135 364
120 543
363 931
91 80
219 391
719 594
203 332
20 240
357 317
989 808
651 867
545 484
397 551
904 325
100 224
468 652
562 505
270 190
386 45
134 601
964 664
48 873
396 57
753 52
733 883
762 842
856 267
915 133
218 568
420 860
57 638
995 534
773 848
245 225
264 288
853 482
800 210
31 634
643 380
934 813
981 737
666 647
95 355
501 56
732 644
703 994
127 82
932 842
990 212
313 966
44 646
748 973
176 534
321 595
343 922
214 931
438 906
420 385
775 521
581 330
874 452
268 873
572 3
360 218
390 696
291 758
735 582
280 818
546 533
339 273
326 841
254 156
893 827
475 206
332 589
298 589
973 895
998 158
140 580
452 310
347 8
534 284
441 195
659 573
988 823
59 229
681 841
370 250
189 662
890 773
135 336
323 176
234 541
72 368
533 461
57 508
475 797
974 369
812 372
595 636
195 394
473 364
471 713
275 34
613 96
461 499
523 376
800 707
854 394
359 808
450 68
696 788
915 242
99 375
652 967
872 181
122 956
394 527
702 979
52 39
750 58
878 495
401 281
809 676
840 418
332 503
549 554
587 363
933 843
702 8
123 331
506 49
978 823
282 974
591 838
607 26
184 161
264 476
709 566
50 501
913 49
986 537
140 849
50 68
966 62
804 301
457 94
735 887
593 858
61 324
304 455
170 844
430 250
35 198
476 76
277 141
443 125
548 8
567 892
552 459
487 737
936 810
408 323
634 715
255 691
710 876
947 931
775 928
963 384
637 361
193 944
263 311
306 753
436 512
20 967
771 521
521 894
25 879
446 751
263 221
30 248
950 57
219 33
664 850
438 333
332 960
295 204
777 597
263 227
346 164
935 316
778 73
122 655
307 563
167 103
549 865
203 851
954 761
42 479
946 825
643 484
312 57
555 23
60 687
367 541
216 405
307 894
513 575
18 247
223 668
238 810
460 288
49 779
226 209
86 238
550 153
843 993
537 844
851 499
883 120
964 871
696 253
17 78
543 489
425 937
902 693
317 139
139 887
875 417
308 626
457 749
821 700
424 254
870 631
447 770
784 782
917 545
822 970
509 453
606 77
662 867
807 420
114 867
796 329
706 639
1000 832
896 743
36 58
991 514
22 492
25 440
137 854
979 59
541 960
604 340
658 668
590 739
684 668
461 789
82 74
193 995
638 175
417 407
704 756
704 401
962 653
990 10
784 345
732 39
609 276
917 83
261 415
558 351
427 939
724 579
546 319
505 787
289 974
876 774
384 998
462 675
655 624
345 599
769 501
733 572
925 207
494 112
975 995
742 810
690 849
397 945
842 916
460 23
423 157
150 831
63 74
817 594
437 257
276 897
523 384
346 46
212 171
368 269
647 547
597 404
542 271
85 224
655 52
53 322
365 176
203 93
976 347
830 10
192 746
999 689
52 910
456 783
499 883
875 508
982 304
914 176
787 834
296 231
938 826
361 775
910 188
715 36
808 322
992 687
203 264
616 575
725 131
139 736
1000 926
412 564
235 123
752 47
753 762
98 401
598 482
1000 813
503 874
841 367
658 847
272 30
330 236
814 186
338 275
520 899
33 816
984 720
853 274
701 717
263 749
962 480
767 860
309 596
611 672
760 230
255 921
124 868
420 674
58 71
646 716
975 304
927 679
871 835
765 220
384 83
167 888
738 660
958 605
655 551
267 814
620 720
819 739
647 67
480 635
309 944
102 742
401 641
937 855
439 661
206 640
65 572
281 751
267 524
342 448
953 29
755 737
997 236
855 130
107 296
616 904
459 70
419 806
773 155
406 988
375 57
378 271
674 816
571 377
750 31
310 652
114 261
646 298
722 708
969 786
359 997
416 927
834 189
998 1000
532 436
40 938
499 847
665 155
249 372
122 234
714 982
202 130
990 955
353 278
117 309
300 763
209 842
653 825
620 428
341 317
126 573
613 678
680 873
256 901
984 566
444 58
175 186
914 438
348 670
973 593
331 584
4 434
425 643
222 689
378 677
6 195
632 813
701 783
226 465
233 475
819 380
801 985
876 379
847 164
37 391
610 331
791 226
227 796
706 982
600 333
860 529
605 196
628 283
594 855
315 410
478 698
210 76
124 522
250 701
219 806
441 480
108 113
430 552
90 569
471 132
453 393
326 649
404 67
486 287
906 781
390 106
907 92
586 953
93 547
298 733
336 280
523 12
252 132
713 494
841 673
833 753
206 877
942 595
814 644
42 361
295 9
427 145
803 586
882 241
152 344
346 914
717 129
185 112
702 303
809 683
96 804
958 4
192 675
212 686
62 975
35 943
312 892
669 832
563 453
236 235
164 408
134 113
557 907
911 692
588 999
40 789
472 419
943 111
79 732
960 326
288 451
3 56
656 753
922 782
291 885
255 12
574 432
672 680
639 234
364 500
990 320
336 809
965 910
642 419
927 485
961 767
879 569
810 780
6 981
153 7
372 189
29 620
396 669
54 961
183 231
629 851
496 881
23 606
444 753
139 69
158 931
140 666
509 981
845 859
315 644
635 598
157 377
946 983
520 160
777 596
119 523
266 467
712 127
137 326
764 819
198 809
91 155
404 308
49 760
906 146
12 785
599 335
368 659
759 377
635 951
502 706
838 872
531 880
769 571
367 540
540 738
651 571
363 537
792 499
846 682
373 704
104 331
527 21
700 623
402 230
186 817
946 491
450 762
511 967
916 899
425 936
133 487
800 172
325 911
680 658
329 324
294 698
527 856
568 264
644 900
131 107
292 158
294 612
597 789
139 421
377 178
250 416
178 754
309 861
116 329
304 371
912 114
162 625
400 806
420 297
601 580
560 516
335 158
905 931
710 830
1 166
148 435
629 134
595 10
873 364
671 929
528 177
141 578
788 643
992 46
263 179
266 149
219 159
759 793
816 75
524 276
284 977
637 509
929 428
107 962
719 715
810 878
854 614
342 330
418 282
42 670
315 910
355 685
816 937
856 838
696 751
787 280
248 33
220 513
294 312
480 958
209 272
543 703
480 58
731 439
492 385
627 326
220 944
518 491
997 344
446 470
285 844
752 533
825 175
899 720
873 763
721 270
181 700
220 95
424 671
42 210
78 812
709 858
216 225
108 343
734 679
751 527
844 419
848 806
759 16
50 344
947 922
913 222
161 529
53 339
227 304
50 299
86 469
677 158
554 875
481 429
721 407
53 436
156 643
992 543
274 562
424 219
151 408
357 675
874 607
981 473
430 192
253 995
736 165
131 869
850 375
705 408
945 137
654 595
400 770
898 1
222 561
781 400
600 481
894 199
12 483
167 533
310 45
462 115
817 32
525 367
528 157
750 929
571 17
310 39
422 941
564 846
214 579
908 309
698 148
458 913
720 580
239 244
387 820
958 578
426 435
903 71
651 54
194 951
196 217
290 386
257 331
59 770
670 619
525 930
360 450
132 496
314 511
647 467
617 254
694 199
566 161
772 544
55 932
21 756
371 627
172 896
503 389
294 183
521 369
749 429
860 676
534 813
388 79
579 852
997 461
78 168
784 608
332 472
769 924
296 422
403 650
672 193
752 287
351 209
799 845
360 700
98 80
631 958
373 986
725 53
142 263
53 744
682 280
738 849
197 984
752 76
2 285
23 113
317 916
763 588
670 904
32 556
785 162
59 325
760 438
887 999
232 783
323 600
876 372
239 596
790 384
971 668
286 511
90 740
254 51
990 391
629 205
611 590
173 87
819 541
770 427
371 818
223 977
918 851
580 278
286 153
470 618
767 960
556 303
633 484
929 507
31 367
256 75
129 243
500 548
232 346
399 376
863 935
2 530
495 483
870 309
227 59
823 737
203 984
422 314
209 207
730 795
12 878
472 519
949 59
347 345
169 617
665 620
924 975
251 933
531 855
938 191
502 790
138 935
652 368
364 787
956 591
167 304
318 164
946 629
857 182
903 527
968 761
626 461
307 2
382 714
454 183
381 909
165 160
477 718
460 540
635 470
601 42
710 388
623 633
827 696
936 464
314 588
406 404
45 684
943 247
140 192
325 204
640 792
329 137
330 210
522 46
904 669
615 799
359 93
767 416
514 324
92 376
184 883
900 617
723 198
897 693
615 876
562 120
322 897
128 550
861 44
55 149
864 570
162 733
913 627
239 473
918 140
150 378
262 352
487 735
54 966
625 826
112 723
244 496
176 112
283 820
177 265
486 285
589 452
145 811
228 940
300 465
820 680
432 857
750 553
570 403
420 710
629 628
579 323
318 693
945 669
160 563
107 886
128 17
275 354
598 641
673 63
86 800
927 938
967 617
824 393
950 345
897 323
916 473
720 298
31 171
498 184
869 365
158 380
513 787
734 799
115 887
185 450
919 891
368 739
475 309
169 982
26 873
743 932
890 616
673 454
468 710
630 529
874 199
27 321
999 655
51 327
269 260
127 464
933 877
570 553
687 850
853 70
285 570
35 731
308 717
476 639
576 597
948 380
208 553
42 227
808 652
26 748
914 221
165 305
758 508
814 450
852 881
786 291
573 41
286 650
487 63
866 900
369 676
632 978
410 174
800 506
330 345
519 569
886 370
852 454
84 808
12 61
50 840
178 277
854 130
144 397
309 973
573 380
956 356
872 887
158 738
580 263
991 802
499 96
798 402
174 392
628 451
333 217
119 712
139 96
414 42
550 886
112 846
694 109
882 453
140 701
214 262
87 12
896 67
536 490
422 755
149 158
302 485
177 608
308 254
882 167
351 312
140 602
47 595
825 736
555 228
848 106
612 403
613 934
480 814
156 169
359 882
285 843
233 554
470 457
381 738
792 417
759 176
172 707
154 609
643 726
810 77
574 930
227 85
334 822
406 643
463 982
528 933
686 437
434 248
273 62
977 726
853 459
620 330
433 432
367 455
257 706
700 338
41 187
39 992
740 627
389 753
943 62
156 668
250 227
456 638
398 577
537 955
934 919
629 293
188 45
919 160
563 75
70 73
519 908
213 802
315 146
960 173
500 158
434 828
509 344
440 833
610 421
927 264
31 199
785 487
328 150
900 944
745 491
562 147
374 925
894 196
456 58
480 416
963 461
909 527
661 207
573 610
79 489
64 606
599 742
765 218
630 920
822 387
290 16
536 296
366 895
641 115
720 468
684 55
135 518
562 302
660 184
976 253
636 335
854 754
30 464
23 123
328 560
497 175
316 741
6 361
66 412
303 473
12 986
694 794
410 108
833 422
707 413
446 499
194 120
750 29
365 1
517 132
384 512
977 903
247 253
13 613
94 336
919 385
958 505
338 798
339 523
624 715
677 351
862 430
446 700
157 476
643 464
683 979
867 142
425 999
135 692
31 615
985 223
71 358
558 908
5 628
210 518
887 704
890 100
781 211
785 16
161 798
473 540
184 745
3 111
701 924
242 190
616 684
357 710
999 155
359 56
267 314
588 562
425 530
896 673
75 734
926 541
663 294
997 616
158 384
131 89
366 322
508 427
144 356
73 322
459 236
163 384
20 814
738 711
922 398
323 919
896 612
940 30
959 258
154 679
798 132
664 232
495 482
595 912
600 826
842 859
609 572
773 475
869 98
393 7
289 214
589 99
517 966
949 802
47 523
433 931
859 293
539 675
907 619
682 185
900 240
648 873
502 902
673 426
143 314
311 676
916 634
131 450
324 409
963 545
35 830
951 884
237 316
838 718
51 8
911 694
201 667
239 951
294 668
978 965
979 484
83 667
9 540
305 693
503 526
308 520
169 454
23 39
995 846
526 394
396 91
549 107
308 959
2 254
719 415
352 359
80 822
191 962
766 670
644 704
261 996
888 264
68 498
982 826
254 477
590 539
625 68
666 203
84 644
864 480
457 782
497 713
666 90
813 473
63 921
963 500
230 53
948 924
145 921
822 472
552 748
20 962
737 304
153 295
45 273
176 344
220 281
171 327
120 413
599 799
471 392
458 825
664 196
336 405
803 858
234 636
766 703
328 761
536 62
556 961
461 259
983 887
702 382
207 900
30 699
802 304
52 151
109 418
365 56
781 710
198 600
537 894
683 236
804 904
914 56
4 48
886 772
613 756
907 885
235 882
17 443
165 67
170 747
777 321
601 5
489 352
883 943
201 686
134 977
946 203
947 94
934 872
3 22
22 790
710 997
110 975
330 247
911 712
357 542
714 81
589 931
477 149
25 268
315 87
889 190
83 243
121 292
642 914
419 149
183 84
372 147
786 755
638 210
289 737
146 810
883 265
531 438
522 465
907 9
780 793
492 831
132 760
99 871
713 475
257 365
439 541
871 574
334 637
987 5
881 570
39 232
59 534
613 195
81 434
82 653
636 292
637 221
582 710
696 753
843 578
181 119
845 48
589 990
423 158
669 194
63 119
925 120
636 657
198 666
588 278
57 170
696 975
345 231
56 110
510 991
96 895
449 65
782 317
964 672
289 504
308 396
902 618
265 375
882 872
50 342
499 997
635 401
563 172
909 360
218 723
848 582
705 195
415 368
832 91
352 688
39 880
408 706
102 492
679 793
507 884
945 348
689 928
802 703
491 820
664 674
292 163
719 196
741 924
79 37
465 657
583 405
590 595
945 375
22 25
577 580
245 766
456 59
202 515
168 399
57 218
615 149
270 804
606 616
243 66
25 187
561 89
85 875
638 89
626 513
863 828
441 171
562 841
595 774
278 566
552 563
613 150
337 923
659 402
238 421
34 388
68 684
587 916
588 427
237 787
682 928
494 130
207 975
225 927
190 155
191 166
414 963
699 627
567 841
492 374
899 718
954 559
207 749
531 27
956 532
556 574
762 743
484 609
197 894
290 806
22 525
425 85
642 29
545 804
655 299
967 5
202 129
352 638
886 255
814 392
909 396
929 566
704 714
883 871
203 297
22 879
294 704
667 102
132 69
698 862
785 23
809 153
97 159
26 149
446 878
883 645
40 489
495 587
614 567
460 958
853 689
527 688
141 341
794 1
562 37
34 394
818 266
569 880
641 259
861 488
325 657
710 663
270 768
145 845
989 324
737 299
116 208
467 504
135 430
506 820
90 951
822 108
988 924
974 91
902 468
270 546
436 846
522 203
137 303
979 560
17 769
517 240
56 857
493 252
8 255
686 681
51 734
656 908
133 972
377 908
968 176
696 792
588 350
158 356
446 492
817 744
341 154
414 590
352 845
904 244
678 954
570 531
717 992
598 109
113 462
450 661
347 775
773 815
153 686
298 449
464 985
52 752
805 414
844 372
991 487
779 831
925 533
620 403
416 523
770 982
439 289
630 220
249 119
303 790
568 765
53 891
718 691
373 454
700 358
999 190
917 647
296 879
524 815
600 189
528 426
267 350
362 208
850 845
438 773
493 357
370 711
742 375
210 924
762 401
871 81
84 645
110 765
628 378
665 240
7 417
67 714
106 108
159 250
970 757
558 468
906 861
263 72
528 231
107 586
769 195
589 450
685 943
945 770
251 519
505 891
453 763
975 536
497 955
774 239
651 112
803 269
722 327
765 483
531 663
453 797
369 466
594 269
578 646
267 585
823 628
661 393
523 408
856 907
375 77
285 869
198 718
414 539
662 868
596 853
597 508
985 346
180 252
865 828
167 470
248 810
378 181
969 974
198 488
550 157
347 754
187 921
204 857
42 140
540 899
541 374
731 616
553 280
972 342
576 599
208 555
597 79
748 173
867 461
1 846
2 417
942 757
625 271
222 175
616 598
231 167
690 51
537 590
844 638
22 134
762 211
615 886
107 87
678 509
735 740
224 206
26 124
689 788
922 650
653 177
479 575
123 772
676 22
179 534
73 63
326 923
257 160
426 809
154 216
633 320
962 790
279 608
46 341
818 466
181 986
509 5
664 916
595 252
543 100
582 394
716 920
54 83
55 270
186 459
738 652
896 214
733 903
94 943
58 129
372 545
755 224
557 362
411 576
910 554
167 7
542 81
66 438
503 111
859 255
698 307
259 682
497 18
991 997
726 141
603 242
161 347
700 808
536 825
89 233
713 999
687 412
517 63
89 772
167 506
691 687
264 43
268 531
625 120
809 881
518 667
463 976
359 675
198 359
550 8
610 895
517 465
296 235
494 658
813 954
302 561
411 170
196 844
450 588
89 308
640 932
316 101
559 155
469 192
398 583
718 888
993 335
633 800
796 942
88 363
179 852
224 379
97 227
795 366
357 561
488 672
140 25
190 833
822 581
664 675
311 192
351 707
139 339
909 811
789 501
546 522
846 361
614 197
941 107
109 143
233 174
548 211
740 362
328 118
337 248
393 702
437 173
422 563
663 595
647 46
816 106
888 814
582 513
492 691
237 309
113 546
76 434
58 165
261 256
228 245
102 666
514 757
587 774
803 709
381 305
163 610
437 79
20 217
403 211
925 170
119 274
164 819
365 110
5 45
397 691
825 200
826 82
169 812
989 486
804 625
149 409
773 953
5 463
613 698
139 981
188 465
207 96
549 642
435 30
327 212
661 62
757 559
353 441
830 181
905 322
212 372
159 511
607 45
972 414
563 135
598 288
37 208
75 869
592 393
60 151
869 883
197 282
749 336
118 820
728 1000
636 689
866 842
315 176
62 863
818 41
988 345
435 587
334 383
709 401
605 192
92 437
372 165
232 528
84 721
214 640
729 668
608 987
491 561
239 311
906 678
266 217
818 410
43 136
90 517
71 970
516 853
884 175
944 76
124 740
430 671
438 378
59 883
550 387
484 236
78 372
609 705
702 614
793 266
315 602
954 895
403 839
263 555
837 962
829 978
360 175
929 36
803 991
76 11
151 571
138 930
674 848
568 211
342 194
548 873
424 715
756 980
243 699
706 33
156 2
430 949
911 914
921 918
117 887
200 981
39 580
761 448
722 966
469 295
472 501
478 207
463 825
190 579
748 217
382 939
952 942
737 680
130 310
22 776
601 457
286 685
397 236
40 55
376 367
249 999
395 791
844 938
611 945
633 73
858 942
288 788
842 199
847 106
288 899
879 581
296 654
153 11
318 975
543 242
999 492
965 172
173 236
897 900
770 394
737 197
332 543
810 923
832 767
686 270
724 965
375 667
727 486
767 993
958 160
868 520
926 424
733 930
20 947
521 754
102 247
547 930
44 821
418 242
501 835
891 455
678 539
401 589
441 956
449 345
256 487
167 243
636 480
854 427
33 139
307 980
818 85
630 706
506 380
722 694
938 33
58 290
636 198
123 509
553 654
899 918
293 395
756 863
80 456
265 682
485 847
198 376
138 683
518 591
620 903
43 621
762 911
815 251
890 465
142 339
257 763
481 389
616 456
84 230
304 174
213 966
70 977
363 89
865 511
757 825
867 345
782 786
477 588
771 31
439 437
116 294
788 752
18 598
600 154
745 524
329 522
568 871
736 217
202 749
846 274
278 718
651 288
598 903
895 522
20 881
557 54
962 646
585 437
968 11
550 885
812 132
10 154
530 981
927 853
380 902
58 142
703 754
6 102
392 470
450 372
15 732
508 34
954 836
387 791
8 518
858 280
986 469
798 375
425 419
123 202
255 41
725 330
321 884
928 164
298 356
565 409
709 838
265 373
527 117
678 963
386 707
869 636
909 277
549 894
996 436
209 46
799 762
696 269
536 758
957 122
65 290
857 830
622 638
409 301
852 7
600 88
340 467
748 432
255 409
948 530
608 611
438 928
130 401
16 586
120 829
600 199
675 663
700 34
611 969
779 693
926 548
379 841
303 559
876 419
326 900
771 793
685 323
693 840
324 237
182 199
501 888
599 626
637 699
598 931
158 876
141 610
695 31
367 446
208 477
300 5
963 351
466 206
37 802
920 138
465 83
51 806
707 175
992 300
635 676
757 511
855 443
821 327
395 939
293 958
746 390
565 834
808 969
242 105
356 225
912 935
671 471
702 349
826 385
670 278
712 488
163 378
51 275
716 39
812 978
999 720
487 123
855 620
17 496
719 337
104 875
188 383
705 629
729 5
964 932
70 895
640 530
38 281
245 235
852 837
501 145
285 656
730 910
771 441
130 339
933 674
870 673
484 904
868 940
718 853
224 425
369 656
562 449
729 336
382 878
735 686
645 690
633 940
301 508
230 290
468 403
107 437
594 961
230 445
712 652
538 8
187 465
82 124
417 481
658 737
37 740
267 99
766 61
270 774
715 865
935 560
737 297
920 375
404 72
398 478
745 230
465 191
674 429
124 340
841 676
983 10
416 500
272 872
78 428
171 122
465 717
272 903
368 620
518 36
226 518
833 534
405 507
983 360
381 566
865 933
475 561
820 155
705 732
7 694
947 651
344 372
416 65
253 806
293 261
403 317
986 862
237 424
222 260
861 755
661 823
758 357
999 581
485 955
952 960
516 65
813 897
905 462
355 387
876 39
460 766
487 23
624 39
677 35
454 484
790 258
275 518
350 277
451 638
123 909
738 612
399 966
197 815
813 308
596 68
866 533
141 375
642 444
862 894
229 681
576 440
150 143
408 474
262 469
163 16
600 477
283 923
586 848
291 436
352 166
975 326
903 229
943 676
733 816
242 749
777 718
794 692
634 951
868 625
301 932
878 718
384 16
390 218
489 301
343 222
570 14
954 929
691 814
194 874
176 289
910 588
623 7
664 118
77 927
993 766
746 478
195 364
413 445
472 999
34 818
720 189
377 942
485 539
180 79
769 574
702 204
613 799
344 336
517 217
367 648
647 586
501 390
756 856
26 535
766 288
86 339
236 196
404 448
429 587
108 14
19 519
41 67
652 549
431 180
709 532
893 859
576 988
809 70
465 904
136 696
429 877
981 448
430 62
831 918
268 60
878 811
516 490
404 972
170 810
357 620
637 83
110 812
899 371
851 10
615 29
746 860
392 498
149 526
89 339
619 885
262 320
138 370
247 556
620 964
680 497
129 29
297 839
194 573
999 352
716 922
730 849
167 958
591 362
689 470
229 21
48 542
214 427
31 291
769 94
932 574
93 614
132 650
538 661
523 75
837 615
324 334
826 136
167 944
435 389
109 353
631 508
870 518
617 150
52 199
180 444
648 966
77 788
759 344
134 485
618 520
802 339
270 165
626 47
929 174
55 893
96 882
207 778
890 392
860 439
215 635
381 879
790 799
919 633
226 585
835 406
319 521
677 423
364 998
504 545
800 94
857 99
363 294
970 258
990 961
937 219
369 905
305 609
639 506
946 36
843 225
978 904
460 695
429 960
566 371
783 557
538 480
619 791
141 221
19 769
432 330
729 484
793 839
814 47
497 824
408 395
103 770
299 300
675 500
328 233
849 441
81 983
888 33
358 389
380 709
76 718
811 517
977 285
465 449
581 915
393 781
305 489
324 275
116 925
747 897
341 560
716 668
733 56
265 212
907 357
769 324
4 695
981 64
673 160
881 261
899 674
88 751
216 420
307 783
859 330
678 770
347 542
920 758
35 953
608 977
949 373
579 1000
265 656
602 395
786 50
181 524
577 527
649 250
264 344
818 739
47 183
730 503
667 458
460 580
70 911
17 162
862 10
442 465
670 909
883 646
944 514
317 512
239 335
799 396
344 610
307 673
818 531
455 886
456 779
558 221
83 63
49 499
414 309
714 487
111 661
317 738
28 891
983 961
175 644
289 573
822 321
608 989
721 594
277 84
280 936
837 396
286 130
736 98
773 242
76 754
538 811
318 563
689 397
31 362
492 770
795 118
437 143
936 738
278 505
655 513
452 332
436 841
367 179
980 858
12 660
113 861
574 546
100 429
858 209
620 282
949 6
25 878
591 753
261 4
31 357
392 205
1000 98
838 774
95 891
801 224
674 878
916 221
331 81
591 791
616 161
172 647
730 169
804 912
331 46
652 732
502 53
13 790
727 2
678 8
937 909
152 794
629 307
255 468
274 341
94 82
978 961
740 672
335 332
729 145
567 689
808 256
662 751
131 117
957 417
64 48
69 289
439 339
763 623
106 806
199 814
918 423
80 953
637 943
339 212
505 316
197 30
348 926
809 404
352 89
250 616
988 174
310 454
348 13
646 620
520 720
335 286
651 262
979 917
799 134
430 991
258 249
876 635
179 733
572 796
704 396
997 793
410 523
326 751
258 583
673 556
357 11
27 956
710 513
932 539
295 197
335 708
492 561
637 68
656 717
930 36
642 912
885 887
150 699
959 435
265 131
270 428
551 869
636 371
550 296
159 712
788 152
26 963
998 761
857 507
942 413
471 603
419 996
756 955
118 404
892 203
696 934
215 598
57 876
873 754
222 481
540 926
523 712
673 315
781 124
644 108
100 532
709 898
505 156
64 237
355 446
984 46
364 304
97 875
499 555
433 233
624 68
643 202
511 176
205 965
277 456
25 359
615 830
178 447
1 414
206 465
525 99
432 318
988 259
257 165
461 701
49 59
949 664
587 745
182 249
935 917
385 25
758 556
941 4
279 430
819 600
324 26
343 302
382 272
898 345
486 306
570 449
736 57
689 469
194 941
997 933
42 521
173 863
997 31
716 633
20 192
544 970
345 457
471 281
882 160
720 267
850 456
289 146
164 794
437 266
518 493
21 587
87 478
39 347
96 883
460 236
544 263
651 605
891 176
284 2
341 95
930 524
180 211
952 44
327 92
934 460
187 841
66 198
179 413
986 791
19 324
847 237
943 487
395 661
397 511
420 800
79 749
540 17
246 118
765 810
696 271
507 867
365 604
334 981
925 986
966 238
697 939
438 567
978 105
805 181
448 286
149 689
461 639
897 914
675 665
822 600
291 128
535 125
196 259
13 371
685 321
137 891
529 989
141 527
89 870
201 380
662 211
451 222
228 515
162 369
161 594
572 708
116 248
23 668
428 204
413 800
733 887
954 4
229 8
536 514
445 127
21 80
555 392
336 450
416 490
987 101
347 194
475 777
551 668
349 784
831 188
924 626
203 414
954 713
313 199
846 859
795 711
962 172
66 409
358 849
795 242
310 532
330 503
37 599
433 779
195 692
751 843
1000 293
683 808
186 768
351 78
977 523
268 562
911 808
187 962
169 51
377 304
875 465
678 141
490 625
535 733
732 36
351 876
890 254
653 818
377 417
235 975
979 581
162 92
649 987
444 49
909 25
143 993
810 622
445 695
247 685
231 232
368 195
676 331
3 227
25 351
425 533
282 438
980 193
374 720
140 56
552 72
790 70
559 271
799 284
547 335
50 781
9 605
202 720
738 510
742 478
197 859
36 351
294 736
67 355
549 91
920 377
188 737
33 672
710 538
411 816
238 363
479 519
890 922
752 919
39 223
591 466
668 653
869 28
318 274
963 91
485 259
161 181
34 957
200 397
163 515
437 416
534 630
132 466
833 635
228 123
858 222
252 97
113 813
812 259
531 861
878 4
250 346
498 880
928 383
142 937
256 572
403 319
218 450
683 788
402 881
852 901
946 510
343 129
400 486
278 411
833 80
507 593
754 498
312 609
666 624
773 700
924 312
339 776
754 823
970 170
74 487
2 328
75 770
630 208
577 452
842 108
135 548
192 102
410 37
677 33
274 628
540 414
400 310
981 411
763 61
197 66
128 653
218 937
273 740
676 254
624 263
861 38
996 787
407 534
728 741
693 797
567 884
35 95
269 656
490 57
974 878
888 491
281 195
390 303
429 459
784 230
936 929
453 598
606 548
917 71
189 976
261 419
318 556
428 148
362 656
552 608
772 817
275 763
890 958
229 64
968 240
474 409
663 511
129 834
388 969
25 913
100 499
861 108
74 786
422 344
445 921
137 472
803 197
523 482
964 427
87 324
471 741
272 997
242 175
156 323
638 593
622 186
700 768
440 246
172 725
657 563
294 38
520 373
977 962
6 522
947 790
415 980
181 722
22 606
668 196
299 619
433 573
696 133
452 39
626 378
478 31
243 950
136 348
947 52
530 116
307 405
18 800
923 47
302 152
326 98
919 27
245 82
102 453
619 368
788 854
643 205
420 114
889 103
175 488
278 995
886 372
432 319
948 863
914 667
809 503
831 886
597 624
628 450
732 110
595 19
888 7
983 904
713 252
809 869
615 253
194 571
600 554
569 541
453 586
954 784
111 930
224 782
868 559
704 536
154 617
927 854
34 3
253 397
440 342
43 557
115 468
814 572
148 244
358 584
237 921
358 987
875 484
215 934
219 291
694 816
991 447
283 49
146 920
63 451
503 24
964 542
17 751
761 490
94 495
613 817
816 541
160 17
437 555
504 637
5 471
570 397
435 6
74 714
915 272
790 652
351 250
475 67
448 395
377 283
269 179
10 187
287 718
330 50
772 173
501 43
503 717
624 947
18 663
459 619
710 224
306 154
736 555
628 617
514 371
374 757
785 328
190 613
129 300
222 937
193 199
153 166
64 263
410 319
339 143
748 337
939 644
884 945
16 809
435 785
775 851
353 680
172 420
135 48
323 784
850 796
868 636
82 441
907 40
767 304
642 823
847 653
314 164
423 458
7 139
599 877
747 582
860 383
238 319
935 367
884 373
587 979
77 980
315 931
398 350
94 737
356 236
838 792
216 567
877 830
393 308
664 479
564 484
9 46
161 379
768 269
668 366
320 388
817 848
877 750
476 799
772 476
756 867
425 207
354 255
65 112
201 928
639 698
584 948
75 59
371 663
83 532
445 389
438 758
592 510
558 551
117 317
923 102
389 590
981 164
326 802
783 402
821 587
606 211
406 387
676 485
695 15
243 338
438 528
226 374
316 666
176 670
468 414
571 487
555 922
372 180
926 519
620 872
894 155
880 965
926 662
590 419
608 991
93 793
511 478
561 495
215 298
552 758
354 906
278 612
111 419
220 307
833 856
194 914
551 113
354 748
206 885
264 732
877 512
200 398
789 826
349 883
523 226
561 939
212 865
854 272
581 568
470 41
806 407
203 942
938 279
650 227
9 249
13 673
985 720
603 129
930 339
363 558
294 269
274 143
366 345
593 491
283 961
14 245
821 235
380 397
436 143
203 140
934 712
465 828
411 987
752 419
588 57
492 230
900 141
99 92
65 92
670 531
359 662
971 16
240 230
674 953
351 818
578 146
750 814
819 228
88 922
431 234
791 567
645 352
44 716
818 999
981 297
268 388
783 615
821 720
757 210
618 725
598 546
268 27
988 394
844 934
903 435
120 888
211 35
620 829
362 221
127 831
566 513
609 180
847 118
997 549
909 879
89 812
898 192
665 251
974 879
864 119
387 605
101 938
824 852
789 154
210 187
211 750
304 60
803 466
918 993
221 587
387 891
396 585
162 41
971 773
629 637
449 563
508 26
313 28
243 963
934 147
481 612
156 446
470 218
594 262
557 402
704 842
82 562
531 779
608 406
76 212
114 99
795 654
150 923
851 890
64 921
273 664
517 181
114 498
63 319
535 945
496 190
975 430
347 713
369 785
919 383
799 893
981 122
812 91
970 239
327 152
165 77
210 623
887 352
688 794
909 382
531 308
257 767
865 386
424 88
732 726
734 124
40 136
120 694
448 253
527 977
827 955
719 377
634 419
608 714
18 594
495 910
656 208
732 875
989 116
629 29
794 66
278 851
660 140
31 121
36 257
992 183
828 293
277 25
634 756
56 730
681 605
149 95
483 701
154 967
530 958
859 822
253 27
971 848
665 497
903 91
10 134
690 612
360 351
641 104
388 543
940 220
155 828
997 29
769 313
671 348
211 952
766 572
630 913
696 759
548 632
627 417
938 348
364 574
98 431
946 835
12 813
665 557
150 935
834 908
321 231
859 355
199 258
554 287
904 290
632 679
526 921
102 52
899 617
611 339
96 996
708 683
433 719
436 502
278 465
377 282
363 283
770 633
520 112
725 25
268 366
804 648
518 958
745 912
155 164
896 958
476 376
45 749
410 238
776 391
131 738
603 828
675 667
453 233
645 747
458 547
317 618
582 190
365 926
828 346
61 646
452 38
534 44
884 33
741 228
483 840
279 643
907 218
508 762
275 596
996 522
67 278
68 101
585 341
188 815
203 726
137 676
765 68
147 511
519 111
423 90
7 795
210 421
85 599
422 278
831 190
85 568
823 522
190 157
137 23
882 85
954 338
259 516
422 496
209 389
731 280
789 616
792 388
212 659
678 912
270 951
643 584
296 317
667 350
563 353
456 931
93 434
990 928
23 427
502 206
593 614
385 99
507 548
292 408
540 230
580 971
905 551
853 345
844 556
738 43
600 56
193 614
106 961
948 754
396 648
644 747
23 254
581 304
582 11
875 31
511 475
516 681
78 947
182 308
202 734
184 957
382 700
357 130
508 418
879 669
572 891
977 605
81 816
194 753
177 485
380 740
931 204
436 566
888 175
928 838
214 615
49 244
617 928
251 750
638 974
94 872
206 890
765 473
72 378
401 612
33 642
981 545
266 262
694 846
91 807
134 273
857 412
996 500
971 420
330 548
113 956
635 787
262 629
302 710
566 423
199 202
22 705
721 578
191 422
708 604
344 487
765 145
768 409
274 430
666 860
133 377
136 467
529 691
621 62
805 311
806 80
477 710
14 391
625 148
681 138
972 589
517 276
169 446
79 679
886 221
330 16
910 143
619 946
731 800
201 877
331 297
27 953
600 101
966 52
495 516
460 841
118 789
232 964
827 361
72 621
126 288
643 96
468 435
41 800
568 993
163 391
662 959
979 424
227 780
470 684
608 781
384 327
257 207
367 284
25 91
686 160
335 818
174 372
927 94
768 765
842 418
756 44
763 940
656 290
875 694
343 500
793 207
557 94
907 308
484 318
891 683
125 60
897 185
807 410
245 84
232 190
177 739
859 971
362 545
380 58
829 815
370 39
800 539
229 223
102 679
450 156
786 546
38 959
494 205
42 716
850 669
391 593
893 281
329 934
381 613
534 899
350 524
960 832
43 42
535 835
458 405
80 816
976 474
795 574
29 378
13 597
964 587
713 973
520 375
539 565
21 790
953 487
644 216
437 582
442 848
938 957
5 258
834 250
764 383
142 658
416 847
143 660
256 824
832 455
613 590
365 597
657 236
325 886
420 158
496 492
117 500
227 364
561 999
403 98
607 241
439 259
376 289
670 968
430 173
923 879
519 561
297 536
615 904
482 516
340 666
737 26
297 681
64 684
447 635
252 490
110 675
755 682
47 574
109 438
564 972
521 823
768 840
862 940
833 918
23 746
798 180
582 543
513 36
676 720
789 927
157 197
837 611
612 677
336 104
337 961
691 782
540 717
986 478
988 608
661 326
61 538
388 830
817 584
677 752
659 349
418 501
57 179
960 940
333 742
744 19
123 190
858 7
184 42
845 267
631 286
613 831
851 902
798 643
268 954
655 62
877 122
808 671
181 643
437 553
70 402
920 525
139 943
283 941
450 676
913 324
182 963
716 143
342 574
815 309
709 978
545 785
838 766
145 99
771 307
402 338
558 521
948 965
616 941
305 613
30 858
839 224
52 694
680 887
292 357
113 384
408 858
136 713
924 354
448 171
286 863
96 30
342 715
731 660
643 154
687 205
908 338
657 490
923 299
391 273
33 861
586 35
163 462
456 324
806 173
418 47
103 468
491 954
168 487
742 305
784 145
824 926
487 654
699 494
667 588
889 972
23 263
488 979
72 18
73 319
186 6
741 712
63 988
484 359
381 233
879 350
385 260
370 378
116 874
669 492
63 813
64 965
983 140
529 653
253 431
327 761
699 938
243 278
906 192
449 363
12 835
650 351
794 829
543 666
989 613
532 233
864 713
920 843
830 498
668 505
483 229
765 647
511 723
332 454
540 803
463 668
1000 296
105 708
604 698
847 826
976 305
260 10
134 743
799 935
467 454
268 557
734 648
455 409
457 131
124 301
510 509
463 946
959 537
942 703
305 560
804 606
827 663
928 687
614 893
904 908
390 875
301 995
16 316
363 151
326 25
148 841
38 365
61 196
283 374
411 317
643 246
58 954
28 352
555 199
945 450
840 744
468 297
549 192
897 615
40 464
974 631
83 82
16 280
586 71
440 869
22 51
244 199
374 582
141 479
235 268
664 564
371 252
797 1000
767 890
514 10
163 200
440 579
442 526
663 687
67 356
177 484
533 143
58 97
3 672
797 381
673 516
547 63
896 60
371 907
778 201
7 233
836 71
802 211
397 781
34 73
417 183
553 174
831 332
816 923
284 641
15 275
767 702
241 356
613 4
81 499
986 406
933 653
204 511
5 250
557 573
650 225
194 37
267 691
531 862
648 594
18 375
75 362
916 300
421 736
665 996
657 596
985 327
878 506
476 846
576 676
648 785
43 857
469 207
52 985
968 738
327 33
937 373
846 711
133 376
282 930
745 974
599 405
765 909
843 79
860 935
866 292
424 495
758 382
668 18
178 802
458 50
791 852
297 240
879 877
407 111
874 762
446 979
505 117
72 688
473 983
131 121
597 918
981 311
770 832
53 212
75 916
502 661
97 188
701 809
282 102
748 501
987 855
514 349
589 951
917 640
791 171
975 190
297 547
226 395
410 194
20 517
644 607
116 494
892 66
993 196
97 271
775 772
210 38
822 289
91 297
988 89
220 499
907 229
380 536
239 198
229 508
929 414
125 59
751 347
217 184
826 14
180 35
890 957
704 226
511 563
518 219
560 45
9 313
860 464
647 274
811 387
209 290
836 345
855 239
696 844
961 828
575 252
445 775
180 84
368 284
683 87
242 317
542 286
490 771
551 468
521 1
761 644
138 723
964 731
734 689
900 99
114 722
740 354
85 51
363 305
736 949
843 107
381 936
296 246
892 532
288 394
689 722
139 753
670 815
805 530
643 161
168 95
478 316
852 233
402 145
448 255
422 894
143 986
443 948
428 992
549 152
273 405
902 578
758 774
214 992
13 331
219 602
131 640
945 244
174 294
345 992
162 758
434 627
537 482
449 834
72 247
287 864
699 50
993 849
253 25
751 270
552 688
614 88
443 481
997 906
506 887
732 425
255 744
497 856
439 533
668 833
21 751
10 23
284 602
103 648
717 396
404 355
958 910
850 751
980 926
195 446
678 569
860 436
110 79
935 426
4 217
498 213
760 512
725 626
122 537
817 591
659 348
107 673
374 467
826 503
152 666
710 544
734 627
194 581
960 988
449 89
30 558
574 939
578 54
191 505
71 87
570 722
991 6
829 359
982 181
246 475
818 760
529 363
577 103
725 39
929 546
877 300
45 484
628 854
773 753
248 410
246 229
106 600
286 908
40 102
576 168
689 591
871 291
487 90
749 643
550 380
364 423
93 255
899 436
23 212
64 491
945 310
174 96
128 53
839 918
595 466
758 866
740 809
836 936
38 358
452 913
261 352
700 175
149 353
909 949
269 598
210 238
194 747
727 567
249 620
287 886
72 301
285 417
106 318
642 818
685 842
992 435
404 33
833 881
868 332
729 980
287 660
915 919
399 366
113 731
457 697
775 131
779 196
837 582
333 442
128 420
399 159
202 407
423 37
599 76
376 694
621 532
824 330
493 161
169 635
276 825
575 167
8 695
190 131
561 541
502 657
90 31
844 132
42 410
782 374
341 142
893 976
200 532
517 139
688 631
891 80
207 221
51 281
269 498
363 475
368 435
402 885
613 675
156 932
895 521
950 858
575 379
522 629
9 670
786 446
843 51
183 562
285 205
682 383
248 583
339 880
880 60
398 955
221 364
648 434
246 193
566 948
984 295
149 608
829 222
120 752
407 808
879 840
224 286
867 484
780 405
139 487
620 212
268 193
674 226
685 272
999 112
529 812
679 930
993 191
116 58
374 525
447 690
799 169
505 517
641 283
756 202
206 602
229 374
249 520
214 522
875 716
396 579
56 660
607 797
208 447
486 468
707 919
615 262
436 679
992 351
955 325
975 130
543 458
608 175
601 927
521 176
65 612
559 828
484 122
86 786
252 14
567 321
25 554
246 980
126 898
341 832
267 549
949 1
997 443
807 167
367 924
460 82
703 22
405 703
85 331
380 281
722 524
797 254
1000 502
87 386
125 715
952 121
596 680
652 842
501 428
247 216
288 129
751 652
803 802
327 32
330 772
520 300
976 286
425 40
869 557
818 561
857 45
189 48
653 705
89 452
503 376
496 450
196 510
995 1000
706 333
84 201
982 742
571 713
495 657
847 684
169 461
337 7
28 400
47 436
142 408
455 563
654 503
988 389
145 741
666 385
170 816
83 113
790 102
719 132
760 331
686 249
659 840
305 104
508 593
666 945
384 345
862 660
367 286
370 466
297 732
868 597
784 218
896 420
664 896
719 986
871 815
709 144
214 534
401 907
400 610
497 546
208 411
618 90
822 64
865 764
81 60
29 820
986 329
15 705
87 645
332 843
25 917
467 421
51 661
677 841
74 798
418 380
368 575
114 15
646 60
573 244
725 605
466 656
270 288
933 672
96 334
555 242
773 183
777 140
941 897
656 895
967 897
234 775
973 304
761 794
322 226
548 948
852 566
818 578
928 14
273 7
680 639
628 789
813 829
85 50
382 748
532 631
866 201
313 703
649 821
887 381
909 379
70 953
625 182
58 785
61 154
669 603
709 542
69 383
14 272
979 376
687 43
987 773
771 4
496 716
794 175
244 794
981 443
719 235
704 80
317 579
592 904
965 87
698 562
628 900
187 59
975 2
634 640
391 205
340 523
295 983
508 629
698 933
9 587
442 103
439 601
543 223
525 320
487 757
241 743
42 976
279 745
730 613
196 89
72 71
254 851
236 842
185 808
917 103
957 870
651 7
56 832
766 206
91 466
699 787
756 288
171 410
134 34
195 16
941 722
215 973
28 507
947 453
411 600
138 176
525 772
358 991
678 574
551 772
555 321
425 420
208 52
134 332
872 475
748 694
358 942
108 533
89 707
238 240
960 942
638 625
511 569
57 802
445 155
610 533
350 776
363 28
655 814
93 246
822 927
973 156
628 800
800 665
43 590
835 698
114 985
244 600
202 754
389 743
28 425
361 924
692 960
877 444
607 215
728 20
601 266
729 381
268 79
785 179
624 101
939 950
754 838
286 639
982 776
145 685
411 690
645 744
297 634
724 183
14 953
81 952
172 273
429 510
14 808
328 239
366 555
774 498
421 874
615 140
12 313
970 565
756 102
149 112
6 795
229 418
231 532
489 461
586 997
917 123
74 997
889 556
447 460
893 12
178 593
552 572
778 162
651 944
724 730
431 952
531 614
968 780
509 756
426 216
635 554
74 526
446 159
582 795
868 956
767 134
89 811
119 876
213 466
921 319
43 873
96 788
445 907
483 116
946 580
764 451
730 223
969 829
622 993
345 123
514 67
908 648
963 591
982 505
206 146
568 29
491 318
327 204
758 272
762 863
51 54
532 559
240 77
867 184
451 877
947 112
198 202
457 476
460 721
779 923
529 112
72 741
568 746
343 271
700 468
265 854
286 712
303 746
550 665
13 983
835 727
337 351
562 75
770 395
876 367
22 49
529 803
171 550
45 1
357 831
585 20
713 47
128 883
971 920
585 485
328 922
884 183
353 569
158 962
741 379
85 647
87 89
380 965
939 464
938 497
498 56
998 501
656 630
198 825
489 715
683 335
333 330
371 683
318 486
907 647
584 280
289 236
170 760
703 470
829 586
964 933
462 897
412 238
565 976
547 637
409 718
646 878
113 945
76 3
313 343
521 154
744 109
392 66
981 768
949 290
903 85
852 531
890 458
378 166
105 678
167 442
636 809
765 907
705 51
23 347
524 938
173 714
304 775
602 280
749 407
936 332
814 429
9 522
274 734
149 530
444 210
871 277
122 500
895 147
786 325
921 474
541 685
46 245
980 770
965 993
680 957
269 810
897 577
315 212
922 52
28 695
322 916
658 538
615 476
261 891
137 805
440 435
625 678
883 390
3 480
760 187
779 323
900 808
289 723
936 934
920 299
25 201
353 724
690 749
512 757
984 946
737 683
163 887
92 183
534 346
239 192
837 589
375 512
266 116
214 390
884 537
306 885
493 437
475 86
607 897
849 165
635 756
462 336
176 329
802 245
803 308
458 815
959 441
309 84
39 79
186 641
522 103
650 48
209 288
828 566
566 356
270 289
932 886
595 631
523 31
351 350
145 529
764 37
748 738
638 602
894 928
720 67
773 199
533 266
118 281
86 251
568 102
255 656
130 577
980 126
611 392
88 971
216 128
991 445
348 779
298 426
856 464
322 564
144 828
736 806
139 632
218 11
45 628
969 672
472 328
917 960
921 517
574 457
957 479
241 154
729 352
72 952
788 851
60 826
244 795
589 845
805 784
838 93
552 118
224 199
780 94
283 606
503 955
914 660
144 442
184 905
232 857
131 642
758 951
500 931
837 44
289 526
571 144
419 159
148 327
828 289
941 126
963 474
638 216
23 633
492 930
951 165
241 742
409 774
693 542
875 663
418 76
901 545
495 78
681 328
524 264
910 785
675 140
353 207
73 610
202 838
132 625
697 386
500 615
139 369
649 476
739 686
132 512
942 827
369 501
405 503
564 434
273 751
806 467
399 91
954 342
691 561
584 703
588 159
95 953
544 285
263 777
109 13
222 308
294 97
489 162
912 736
674 515
861 643
994 292
382 27
282 920
619 593
640 526
952 784
334 465
296 212
574 139
557 967
616 413
265 607
30 857
568 352
939 651
814 485
743 385
744 609
932 257
378 803
767 271
92 533
364 274
519 394
213 595
92 644
109 738
723 794
781 627
379 976
699 261
11 775
512 992
505 766
890 289
728 444
12 486
295 583
816 438
361 479
548 117
434 533
110 578
680 325
475 323
37 712
723 489
82 35
923 763
768 696
571 45
591 166
370 486
261 597
120 257
251 617
512 701
784 434
971 880
475 97
6 171
959 275
617 968
524 300
229 50
728 326
77 126
149 337
232 491
689 324
67 56
159 616
834 714
608 483
536 64
799 830
995 421
722 407
90 29
310 750
186 552
649 432
632 600
338 632
764 109
69 865
490 822
17 718
990 763
816 574
363 477
900 150
668 154
796 455
781 405
963 590
201 539
471 895
221 584
238 606
4 242
515 722
778 985
781 486
361 861
412 335
749 434
880 431
630 351
364 231
889 448
562 358
209 982
411 318
841 421
658 789
644 832
335 293
761 254
248 295
62 423
931 692
844 959
614 557
127 934
594 953
983 617
585 138
544 199
348 32
665 226
22 417
85 579
44 297
471 415
103 270
533 795
607 654
23 585
245 585
283 804
656 314
909 552
824 812
936 602
223 874
43 496
48 10
376 903
73 681
771 680
983 5
169 699
115 403
794 634
182 630
380 53
772 633
734 815
414 869
128 303
119 201
781 838
53 235
990 580
167 343
959 203
424 570
252 349
179 861
810 121
42 15
48 948
949 338
255 767
436 315
909 157
202 454
190 878
434 292
403 59
470 43
402 262
425 959
692 155
191 999
571 858
734 506
431 738
278 268
153 982
151 103
672 746
944 5
531 509
495 512
932 693
482 909
799 472
726 616
307 919
396 477
839 971
438 864
757 78
79 118
616 770
926 981
861 32
129 367
611 521
885 170
832 810
227 816
339 330
286 455
384 347
757 352
837 472
931 31
456 125
374 835
894 935
868 561
82 378
409 730
803 422
290 111
241 475
662 511
404 475
617 896
907 452
211 979
72 821
536 410
294 446
576 384
205 352
87 237
90 179
329 985
271 922
110 182
711 413
963 970
671 389
897 456
590 367
952 424
679 15
720 68
186 992
887 168
190 40
270 64
644 309
39 317
242 395
740 414
778 703
229 671
857 158
948 195
697 325
633 583
373 758
429 562
154 864
341 422
640 547
401 17
916 912
792 670
46 306
703 456
924 491
855 669
507 627
648 509
652 477
182 692
2 294
222 149
500 287
961 795
121 102
395 989
748 69
417 869
291 796
776 400
390 592
230 275
965 964
35 259
992 878
420 463
757 34
967 27
504 303
987 549
788 946
609 235
300 244
399 704
131 530
650 526
888 13
580 451
613 401
804 181
971 966
310 84
883 274
573 594
443 373
194 565
488 778
110 385
354 847
928 642
267 816
31 299
270 625
589 365
607 996
371 836
157 193
159 365
108 881
259 881
719 591
498 65
155 928
181 124
552 864
256 301
39 114
854 349
53 178
939 195
96 667
29 169
285 863
547 564
15 106
534 786
152 895
104 261
424 652
646 459
575 499
133 300
911 989
218 388
274 498
388 382
373 856
917 769
421 498
260 816
579 530
161 925
596 496
38 705
94 45
544 218
601 415
736 690
294 546
317 899
538 884
361 531
842 733
855 511
862 417
934 530
810 516
633 927
746 646
338 398
384 485
739 453
418 728
806 673
602 789
73 449
609 247
22 410
762 479
176 982
250 683
452 35
658 754
201 357
287 606
210 237
304 106
710 678
270 819
306 728
608 952
127 624
279 149
673 636
674 303
312 468
885 356
2 656
828 548
445 648
816 100
708 18
600 699
485 135
840 106
716 517
453 697
76 420
756 262
566 3
115 295
281 761
428 632
623 71
536 65
630 865
741 136
815 657
651 656
856 990
60 758
134 441
525 809
532 356
381 666
21 486
189 327
852 761
523 555
801 333
624 616
108 281
678 917
265 226
277 996
498 553
616 220
9 818
839 418
805 286
26 599
601 217
265 5
905 473
49 559
265 634
31 619
325 842
952 924
740 840
919 232
66 630
787 586
832 33
481 860
396 58
145 766
741 852
373 368
818 223
837 193
128 599
515 69
442 315
633 36
233 342
186 196
558 84
372 175
210 62
488 932
529 946
896 641
839 661
845 984
681 527
956 407
595 209
779 438
727 468
374 868
819 921
380 737
303 426
716 843
936 603
243 43
44 72
817 200
727 325
803 397
253 478
439 553
388 589
651 65
366 150
522 254
959 391
923 917
428 461
341 845
252 120
787 351
612 456
61 606
37 619
228 497
526 568
194 33
801 15
865 956
152 725
852 686
446 411
195 366
919 584
441 761
998 823
857 129
288 132
517 125
593 655
668 255
905 283
559 798
57 518
933 205
40 884
539 330
541 280
929 638
698 57
792 818
577 44
230 522
325 814
731 807
183 640
297 828
115 758
408 662
740 575
282 243
526 406
987 494
813 666
743 345
283 711
526 257
840 520
469 752
511 277
165 632
884 832
443 138
706 780
528 52
280 900
89 822
827 224
991 829
906 856
927 69
840 373
570 322
953 570
920 301
304 50
267 134
861 370
310 248
2 681
673 548
980 672
530 999
440 321
827 319
901 604
333 10
466 812
428 290
836 423
450 358
362 554
271 884
423 25
963 60
46 768
929 252
603 453
553 824
695 493
76 323
591 556
349 849
850 662
587 585
347 432
838 858
38 146
664 285
563 326
132 211
146 907
209 448
530 314
476 814
706 27
653 512
194 295
326 296
308 291
278 463
89 436
625 218
166 272
464 234
460 565
283 20
123 725
936 298
222 11
563 144
355 422
805 8
74 2
386 902
463 148
377 211
643 50
771 9
767 570
461 595
390 593
28 614
141 257
783 758
31 565
145 710
790 150
580 558
993 139
763 306
689 146
302 178
879 507
723 463
853 848
803 103
954 249
737 255
623 806
879 321
409 693
46 578
909 704
94 922
974 414
874 627
135 376
980 811
285 395
17 821
289 72
128 458
276 178
295 118
355 731
754 684
659 499
823 572
545 488
471 646
627 340
185 489
848 103
151 516
25 656
817 732
910 339
113 127
593 309
759 448
407 495
544 287
462 878
34 561
588 232
208 740
468 862
711 242
606 476
74 757
557 948
799 863
105 781
476 592
596 1
960 365
192 903
299 989
51 76
752 207
550 406
532 645
621 241
648 410
44 771
779 880
200 344
487 610
32 943
808 169
360 243
738 1
923 177
50 63
677 762
272 13
914 468
903 305
974 540
496 747
163 454
101 720
562 418
339 39
13 282
163 501
736 401
340 364
520 946
652 183
488 570
991 996
617 515
653 347
547 296
548 119
400 655
257 10
591 51
614 240
634 530
809 419
56 764
71 987
935 518
247 438
667 752
462 492
963 329
24 135
361 255
822 412
806 817
720 562
242 810
59 864
890 910
944 42
229 48
871 961
893 9
90 854
767 560
237 997
976 859
779 248
102 657
315 93
417 31
310 962
95 616
851 730
581 589
342 467
329 912
626 870
223 241
815 656
742 592
66 401
657 722
621 673
933 613
350 969
506 331
713 831
181 881
320 411
468 771
565 155
865 881
536 911
385 997
868 364
118 327
688 762
174 597
768 574
251 354
981 60
804 603
305 221
154 304
675 974
53 762
771 419
627 797
302 219
785 3
37 342
149 620
478 504
926 876
778 593
785 156
788 789
770 232
266 539
969 88
644 608
766 2
11 805
858 832
65 71
253 778
608 871
864 465
846 289
922 241
300 189
525 308
505 521
270 925
418 912
793 68
847 185
195 796
281 152
979 881
712 916
915 729
822 501
828 602
135 418
85 787
693 596
807 492
497 907
872 745
564 679
765 98
622 469
380 960
399 334
629 531
280 254
725 980
307 551
829 886
704 509
890 644
964 447
659 693
968 954
110 11
916 442
481 857
315 821
946 773
640 396
592 917
275 163
958 164
579 145
847 735
833 270
528 828
729 124
74 698
455 491
494 631
961 98
389 905
506 65
768 790
744 725
74 269
556 176
365 506
293 109
222 413
596 394
522 533
531 289
515 740
473 937
956 786
143 604
455 670
149 543
477 994
634 39
325 190
553 91
630 91
634 406
11 611
670 982
231 4
892 834
434 870
878 789
754 863
480 168
887 985
926 987
514 201
929 261
291 64
936 139
735 517
421 973
480 7
82 199
980 348
270 974
714 256
128 931
223 938
188 959
559 664
943 569
267 40
767 773
552 330
314 5
775 912
544 903
617 868
376 822
971 941
914 992
349 541
284 642
484 292
985 889
867 347
327 926
261 316
553 806
101 61
375 946
346 180
702 471
848 706
68 857
949 240
218 106
384 776
114 11
811 243
78 406
261 222
557 751
301 717
655 770
423 793
76 211
521 298
243 578
869 282
816 666
284 384
270 215
623 894
570 985
420 704
475 535
189 285
321 141
85 220
877 691
820 97
342 229
34 554
702 69
578 47
999 701
359 546
156 638
471 944
293 432
170 333
868 292
194 343
913 227
493 681
387 196
316 230
722 929
84 378
536 741
614 830
170 623
725 255
288 510
93 357
274 705
331 432
740 154
951 280
70 95
794 798
999 214
358 218
947 331
417 724
894 610
274 995
631 523
987 551
477 281
387 529
745 505
306 419
866 813
278 709
508 480
471 236
133 122
251 82
903 195
135 85
46 720
119 129
236 838
206 922
872 658
263 747
730 528
953 311
721 947
225 684
907 220
177 513
941 814
336 110
899 84
426 788
569 368
298 225
902 170
228 59
414 296
105 432
967 976
470 104
849 550
596 782
262 676
104 248
13 738
660 895
55 887
848 247
920 740
557 657
191 407
134 765
795 965
87 567
715 246
734 662
881 194
496 32
61 984
522 602
190 804
448 387
875 492
838 752
126 645
970 264
579 532
568 355
296 102
260 961
120 618
464 812
770 914
292 498
240 771
913 520
706 544
447 854
191 952
152 907
168 207
185 913
850 471
154 110
980 182
672 751
358 198
13 281
28 102
3 287
296 787
137 785
13 362
469 792
936 835
629 250
600 496
965 216
325 313
222 691
140 706
886 874
571 46
111 857
23 663
559 961
780 818
712 968
150 542
9 410
561 165
324 261
841 693
589 271
384 978
392 59
87 38
200 410
272 775
275 424
518 164
149 463
376 699
930 212
399 11
954 734
95 760
831 52
190 132
656 812
220 875
829 563
243 570
577 145
626 73
781 513
814 716
473 178
56 390
476 791
294 896
4 158
27 263
928 74
948 133
74 278
977 659
317 82
572 488
424 392
304 750
675 963
57 766
41 129
297 303
652 487
911 582
2 236
684 784
352 361
192 130
67 814
969 462
650 787
188 182
779 637
874 309
413 727
268 254
452 867
969 95
145 653
941 161
1 747
478 380
309 535
71 664
846 294
135 255
876 521
127 641
607 651
297 884
915 996
945 896
526 430
722 333
438 455
484 257
416 483
709 3
517 645
774 252
711 851
693 452
401 716
110 302
60 967
979 575
586 743
453 812
20 129
350 648
332 179
472 282
461 273
427 129
911 339
436 113
792 201
427 286
502 758
229 902
88 550
90 508
588 339
609 808
938 174
5 117
587 653
780 974
74 552
403 326
223 201
134 554
310 921
198 864
95 3
995 49
283 157
449 181
105 827
108 398
53 905
346 567
791 765
739 52
207 490
100 634
122 30
469 299
919 153
614 787
890 27
726 653
106 522
404 733
27 958
305 816
162 923
70 112
369 425
511 134
773 581
478 469
575 969
706 616
254 380
795 290
597 754
893 539
857 541
253 956
733 498
989 104
476 93
131 682
367 969
353 782
962 916
724 235
641 713
35 70
127 724
45 97
12 366
231 890
287 932
848 68
824 227
708 438
283 773
638 486
868 15
383 924
759 773
280 61
449 922
30 233
698 95
828 429
917 191
756 457
444 999
103 610
731 157
792 7
591 441
902 60
760 891
484 27
842 865
152 277
575 101
90 33
53 91
864 536
223 271
794 895
501 488
485 512
240 461
3 410
593 463
638 45
463 685
872 130
855 971
860 867
682 144
923 605
344 458
416 983
363 507
627 521
97 534
829 349
454 982
601 230
599 439
32 167
839 100
472 46
735 23
810 378
752 165
532 739
37 11
274 687
94 52
277 764
919 189
524 531
53 438
473 565
4 491
287 324
533 668
36 964
143 800
348 854
644 795
704 38
5 975
634 427
174 78
103 28
162 558
550 677
296 824
407 732
235 317
453 142
71 723
24 674
634 653
956 490
633 339
126 883
659 43
931 60
881 889
111 836
929 331
741 733
546 444
615 244
54 44
2 651
153 352
629 936
560 225
105 4
659 535
437 205
423 430
834 627
707 227
565 705
819 173
470 143
403 194
367 253
8 562
760 663
670 4
985 630
180 272
368 592
958 771
462 594
691 900
213 328
731 391
270 257
316 212
56 141
94 581
332 74
76 552
371 532
195 706
656 848
507 212
414 608
702 716
168 675
320 433
708 524
195 595
514 953
588 234
551 502
865 875
882 779
518 261
28 17
969 917
198 449
567 391
67 439
691 320
505 213
771 312
17 972
60 273
387 35
446 514
395 540
112 96
306 785
459 661
316 122
300 663
193 481
729 215
896 950
457 436
64 148
460 825
692 636
567 608
150 96
334 765
425 551
92 311
554 524
499 303
323 765
254 7
934 755
115 895
900 935
426 766
338 34
357 418
202 565
867 829
193 990
914 918
561 75
871 882
765 235
585 349
417 307
737 394
368 965
355 539
928 673
488 248
788 405
147 263
718 82
42 723
722 369
206 870
393 907
360 50
214 317
548 649
823 749
593 228
795 877
134 146
945 551
485 358
90 118
218 35
915 891
474 201
898 887
955 650
540 532
890 721
816 724
746 402
30 509
750 445
678 360
381 550
972 975
534 834
39 480
762 535
744 118
601 915
359 903
307 792
319 897
834 27
797 133
356 459
798 742
322 295
610 562
222 276
60 471
112 340
575 272
43 643
820 457
677 320
971 111
421 2
705 927
354 103
356 954
108 58
808 384
627 878
352 524
188 482
246 168
818 873
302 366
947 977
787 990
240 977
293 169
541 595
726 721
675 577
5 375
839 850
454 500
974 719
187 299
745 663
84 913
675 558
16 10
515 57
448 940
358 227
36 69
32 683
112 505
865 29
684 567
386 366
962 945
245 307
569 649
654 575
968 258
269 739
73 482
739 948
97 484
409 928
488 935
557 635
367 369
41 749
428 27
747 511
252 496
456 212
441 352
405 773
335 580
422 584
827 140
281 440
877 614
891 277
404 434
379 282
768 85
586 740
186 758
246 558
873 848
256 488
186 601
632 521
879 565
821 65
19 59
494 283
203 150
742 717
198 623
535 932
369 147
811 452
373 763
134 555
782 199
948 235
809 811
710 796
904 113
593 541
960 312
578 235
155 70
628 445
856 85
875 324
624 964
201 789
339 605
313 903
219 567
410 43
356 803
430 46
59 851
516 363
938 517
971 545
876 313
44 491
893 538
989 103
296 748
497 579
928 924
865 106
699 47
701 629
116 139
162 917
826 846
699 156
778 50
156 584
802 830
875 575
289 816
142 852
812 877
628 9
708 388
768 49
18 432
954 804
773 288
575 148
618 649
360 153
802 464
368 644
510 835
314 250
815 586
782 385
843 693
322 474
523 487
123 27
507 184
273 800
203 163
22 741
316 898
557 828
264 61
530 328
880 269
56 447
536 969
421 73
244 684
540 913
938 489
948 487
291 597
492 82
269 776
740 760
654 8
322 561
30 870
875 288
89 347
420 21
97 864
5 957
447 828
196 636
572 247
590 69
547 946
98 266
46 26
766 677
303 681
535 82
404 976
352 385
762 340
236 531
23 943
836 962
230 113
71 867
737 131
811 644
918 184
480 404
95 320
139 3
840 148
694 339
253 161
279 743
195 248
254 853
367 30
594 46
868 721
267 820
112 973
722 138
10 879
300 308
393 878
569 261
55 546
646 899
868 823
730 816
569 374
398 569
418 410
521 507
68 835
67 946
869 427
636 426
603 83
159 657
952 473
440 45
919 687
298 55
850 520
266 356
786 800
185 351
630 571
976 446
333 623
562 827
65 241
658 952
274 95
99 14
815 332
230 868
35 790
703 939
398 132
592 381
297 23
815 317
174 687
265 753
378 74
807 157
109 810
455 322
758 441
925 574
471 728
312 547
122 454
623 822
406 108
102 415
28 470
981 488
35 338
140 10
524 790
379 983
430 209
935 844
224 248
667 806
230 386
893 706
196 374
770 37
989 175
554 668
64 640
177 103
931 74
69 711
548 782
354 102
352 139
561 505
284 864
429 265
688 199
538 987
6 797
64 942
349 579
725 844
543 479
939 251
432 785
567 453
711 440
600 814
985 544
40 312
108 849
785 940
971 597
573 965
906 200
502 633
290 576
309 606
869 463
191 215
814 900
53 146
455 226
604 741
26 109
541 125
924 875
308 474
807 926
395 22
80 367
333 531
911 303
63 382
804 864
678 905
130 915
768 454
481 653
800 7
568 35
221 579
886 863
501 243
31 710
947 969
730 507
325 933
554 173
204 240
317 193
65 360
874 654
770 965
679 535
889 459
728 71
877 410
763 99
131 914
887 577
447 884
468 305
876 214
605 304
236 693
594 547
461 536
763 716
965 920
412 776
879 966
511 450
336 974
340 730
569 784
399 663
715 574
845 579
628 373
846 292
261 658
780 242
289 713
474 711
252 513
220 487
438 42
993 801
390 457
980 537
263 995
236 889
827 422
524 743
519 420
765 903
814 672
331 146
737 405
521 704
2 366
767 721
660 533
115 406
25 898
157 133
107 778
459 421
492 427
491 655
867 981
358 357
105 398
413 349
517 839
868 45
9 112
707 361
85 197
414 697
697 451
611 261
334 203
985 504
56 420
679 324
920 589
501 294
981 108
599 429
344 415
493 595
182 534
601 65
446 987
430 444
975 667
168 107
921 563
903 647
889 487
47 445
287 354
418 527
559 856
222 845
229 69
10 709
525 226
253 969
605 276
165 659
499 377
26 107
541 856
926 990
638 452
533 600
326 942
3 345
707 717
905 949
727 662
908 460
31 143
822 654
457 830
367 295
22 326
340 621
694 372
56 712
497 586
374 836
165 445
899 56
727 357
341 666
233 993
859 853
953 280
96 295
890 965
67 102
659 618
937 780
494 107
480 565
269 981
316 718
902 205
206 718
929 97
553 845
462 127
796 443
749 656
631 22
62 24
318 230
471 276
839 320
532 280
421 231
630 591
193 72
804 952
640 649
592 146
631 83
160 494
490 557
423 145
38 451
133 469
908 989
911 666
933 126
516 42
293 159
331 292
192 46
528 584
362 498
288 497
383 24
594 713
173 175
993 429
280 560
279 290
72 946
149 786
666 492
814 28
942 81
432 298
534 175
474 990
637 568
845 523
797 936
583 451
873 322
260 443
107 394
751 417
618 22
160 642
432 231
788 268
899 758
305 53
334 210
211 517
243 409
370 222
868 673
564 666
391 654
251 673
841 623
754 114
42 652
923 289
212 828
546 44
476 58
73 838
989 720
5 169
599 17
503 124
233 648
678 640
551 146
739 946
756 636
670 292
458 446
714 257
351 457
246 305
251 237
967 243
592 239
226 805
17 262
843 958
751 537
204 876
925 652
969 612
353 287
575 732
812 770
338 589
835 675
875 382
838 262
820 277
326 42
813 572
445 344
448 164
800 329
766 996
494 680
705 332
64 116
856 208
36 10
421 672
979 138
895 38
571 249
149 822
361 304
589 712
49 83
958 433
447 279
949 625
290 206
182 64
555 742
104 690
721 754
884 90
638 73
728 524
418 106
682 751
789 73
314 171
82 319
376 992
512 290
505 828
163 898
607 967
557 302
831 339
544 883
873 233
160 908
271 936
313 98
975 976
588 475
536 70
119 227
857 398
272 631
324 949
510 920
955 765
415 883
696 502
564 789
55 967
941 851
105 40
990 940
397 390
256 842
98 143
320 189
359 756
731 929
240 68
259 458
545 933
737 435
434 28
531 374
643 336
700 263
459 691
779 912
209 968
909 13
296 980
580 844
527 531
1 417
40 473
81 755
575 807
658 561
577 516
814 84
198 910
429 74
729 636
215 473
846 293
100 390
816 328
799 145
269 626
606 677
239 324
242 616
663 678
405 146
979 885
262 954
984 989
15 983
496 324
276 417
295 327
707 927
154 517
981 280
859 840
751 334
547 529
17 773
842 761
555 480
560 58
860 497
397 917
15 282
682 997
483 298
450 33
919 865
207 947
668 423
523 364
265 76
893 508
989 905
87 410
420 575
26 658
890 469
891 116
344 497
803 810
610 980
131 309
351 150
28 91
854 235
492 104
610 839
517 393
900 7
127 268
697 525
544 168
908 905
340 59
838 334
470 77
541 565
909 49
678 374
297 409
999 174
140 65
253 968
89 543
871 496
49 441
13 350
586 96
805 962
810 872
541 968
729 600
731 501
227 858
673 733
231 887
162 346
492 949
571 250
572 785
441 273
866 562
116 149
797 628
854 911
619 278
768 870
309 266
276 69
225 555
997 925
138 418
266 127
30 236
250 974
569 638
592 553
646 778
561 226
391 677
967 714
380 992
881 525
424 516
671 931
367 218
713 520
8 744
962 377
123 224
764 205
345 361
273 516
293 713
973 343
479 146
264 961
172 570
856 923
48 616
261 692
435 715
203 212
313 372
216 358
260 405
9 915
991 634
549 617
949 271
218 315
918 244
799 977
599 451
412 495
915 256
903 951
100 906
619 618
85 58
636 503
570 694
312 666
97 900
558 763
942 666
374 424
925 600
285 697
911 741
623 687
397 505
729 755
72 725
549 941
217 396
865 264
439 277
813 616
5 955
580 885
226 828
41 879
867 471
176 706
179 395
441 507
2 66
465 676
81 596
742 259
14 852
257 33
704 374
379 664
448 765
261 634
978 252
525 713
431 846
768 834
971 845
21 410
205 397
832 388
860 306
950 489
275 291
500 622
708 75
621 918
786 749
141 930
366 83
759 520
922 631
972 855
366 450
167 55
341 768
436 52
664 463
480 816
263 753
768 317
473 41
39 334
332 468
63 324
915 431
644 279
238 986
277 970
39 735
777 434
823 380
469 142
986 792
165 133
277 827
833 123
118 239
228 878
748 882
17 406
348 608
482 250
179 134
175 203
387 437
631 852
264 392
113 413
696 395
738 26
856 209
933 27
733 277
348 821
496 736
350 926
913 783
899 460
277 352
358 85
235 282
229 678
155 797
343 336
145 967
241 810
281 135
471 140
614 68
547 13
398 578
293 845
67 28
161 203
751 154
935 355
561 810
284 695
488 10
493 263
259 851
404 264
760 694
449 353
447 170
860 401
241 199
891 269
428 517
17 970
380 270
753 364
807 11
275 138
96 701
389 254
137 109
770 830
804 787
289 314
878 484
972 89
756 960
498 976
118 297
100 876
285 942
706 531
513 587
18 43
716 86
593 677
479 392
393 52
389 912
49 839
393 469
431 117
624 765
222 426
574 223
84 335
927 693
439 484
57 657
498 246
518 913
406 415
834 474
653 950
191 843
231 142
17 603
895 231
805 203
545 646
675 723
639 226
879 851
793 700
336 186
947 121
961 630
68 392
585 802
639 115
306 261
936 148
41 560
245 304
233 344
914 727
223 957
956 318
25 68
335 803
541 916
926 642
822 339
179 719
291 393
755 876
628 486
48 178
395 423
686 182
641 387
471 144
625 924
462 461
319 332
46 524
656 320
59 643
228 778
559 854
506 948
768 953
237 964
901 755
377 833
301 595
124 474
401 593
185 74
332 175
549 253
670 67
139 156
432 541
566 144
509 513
590 282
351 354
247 397
655 858
717 173
76 59
259 621
857 282
859 420
860 667
238 803
192 695
737 105
943 332
844 391
136 478
763 49
679 713
285 547
881 142
810 130
777 347
355 291
728 263
47 89
285 724
293 249
170 628
247 614
909 479
732 710
913 36
622 598
5 582
28 489
505 492
987 816
376 383
767 93
490 395
182 461
684 903
280 581
995 606
83 120
926 988
127 835
883 481
420 289
738 292
666 57
480 28
525 662
45 972
482 742
510 300
140 928
234 7
780 316
187 135
957 631
237 757
275 552
37 649
453 395
432 253
876 760
594 73
708 449
983 217
840 89
779 496
128 117
559 874
564 640
820 554
802 13
16 666
997 126
717 543
30 399
911 258
669 204
265 30
48 666
128 174
108 554
513 864
971 492
698 300
901 393
208 976
394 961
851 319
673 122
929 976
12 908
193 131
833 380
652 912
190 979
356 319
90 335
678 836
833 237
562 997
144 534
734 703
207 549
302 459
657 840
30 986
951 938
996 394
717 516
95 240
278 432
483 157
765 792
236 74
313 823
335 310
83 329
84 246
766 974
412 573
343 779
58 905
517 733
810 408
190 490
943 164
801 843
678 403
679 686
719 333
743 379
233 502
654 472
254 968
18 582
978 328
979 97
413 667
291 99
862 750
455 812
187 50
850 270
387 532
279 514
110 317
571 168
807 361
612 146
7 500
587 777
56 742
314 34
98 845
337 131
881 974
326 709
129 159
920 190
684 431
836 114
855 310
539 938
732 419
261 283
138 214
980 817
416 476
968 793
458 843
760 667
65 571
502 528
466 730
911 358
364 171
833 574
962 346
514 775
489 532
753 327
113 992
76 236
95 784
902 830
781 647
657 633
933 988
860 684
934 367
721 370
207 795
8 483
482 294
392 2
517 46
717 23
320 702
545 189
930 625
914 10
455 430
882 662
739 227
596 600
977 682
429 527
601 198
217 205
700 654
888 918
820 753
956 983
843 367
804 402
844 915
370 858
757 158
704 6
903 606
500 233
121 244
326 887
213 716
145 676
724 184
102 252
139 322
693 823
654 551
141 432
190 528
442 145
64 643
836 801
453 511
241 809
741 620
708 379
339 504
486 377
142 794
107 628
608 959
771 551
612 927
258 622
234 369
164 167
76 588
495 106
208 348
232 338
530 809
345 533
966 977
751 10
474 34
241 373
479 823
781 969
176 408
694 894
119 68
115 881
260 398
50 625
971 436
972 971
114 479
744 122
971 261
772 306
796 424
673 403
109 233
769 992
62 161
375 298
409 989
734 126
587 450
643 436
476 643
573 469
973 721
190 709
952 54
585 741
680 347
476 562
916 855
358 778
236 402
734 401
330 91
974 672
459 693
574 608
101 796
467 158
970 11
117 34
627 603
168 144
80 972
923 256
175 439
639 114
862 279
83 204
859 575
841 24
35 81
715 563
612 861
650 30
712 779
31 37
641 273
475 167
955 113
615 171
449 768
528 237
969 952
620 515
698 213
989 338
632 81
723 378
872 576
11 150
655 534
33 291
487 794
493 345
853 107
96 397
168 739
122 231
102 695
107 783
950 782
498 128
194 137
671 425
347 429
237 608
13 879
632 636
173 910
302 722
583 711
30 733
930 471
290 630
311 768
520 327
705 861
243 650
616 144
458 327
613 717
659 766
677 352
576 997
402 382
136 430
155 90
999 629
1000 557
680 683
936 309
661 936
41 87
481 392
264 498
508 935
97 856
814 293
286 642
35 414
240 832
774 887
624 671
796 999
163 263
16 582
667 882
359 222
641 595
269 690
76 976
239 388
718 831
59 226
172 323
45 971
728 755
683 318
107 286
21 162
404 798
975 417
401 675
926 767
388 978
72 198
932 340
71 776
918 771
131 591
885 468
548 260
626 740
814 707
382 293
345 732
767 609
589 321
130 420
573 808
632 509
859 967
90 222
918 732
797 261
321 500
