1 2 3 4 5 6 7 8 9
1 14 4 14 11 7 6 9 8 13 10 2 10 3 5 15
4 4 4 4 4 4 4 4 4 4 4 4 4 4 4 8
1 2 3 4
1 1 -1 -1
1 1 1 1
-1 -1 -1 -1
1 1 1
0 0 0 0 0 0
6 1 8 7 5 3 2 9 4
1 14 4 14 11 7 6 9 8 13 10 2 10 3 5 15
1 14 4 14 11 7 6 9 8 13 10 2 10 3 5 15
1 14 4 14 11 7 6 9 8 13 10 2 10 3 5 15
1 14 4 14 11 7 6 9 8 13 10 2 10 3 5 15
1 14 4 14 11 7 6 9 8 13 10 2 10 3 5 15
1 14 4 14 11 7 6 9 8 13 10 2 10 3 5 15
1 14 4 14 11 7 6 9 8 13 10 2 10 3 5 15
1 14 4 14 11 7 6 9 8 13 10 2 10 3 5 15
1 14 4 14 11 7 6 9 8 13 10 2 10 3 5 15
1 14 4 14 11 7 6 9 8 13 10 2 10 3 5 15
1 14 4 14 11 7 6 9 8 13 10 2 10 3 5 15
1 14 4 14 11 7 6 9 8 13 10 2 10 3 5 15
1 14 4 14 11 7 6 9 8 13 10 2 10 3 5 15
1 14 4 14 11 7 6 9 8 13 10 2 10 3 5 15
1 14 4 14 11 7 6 9 8 13 10 2 10 3 5 15
1 14 4 14 11 7 6 9 8 13 10 2 10 3 5 15
1 14 4 14 11 7 6 9 8 13 10 2 10 3 5 15
1 14 4 14 11 7 6 9 8 13 10 2 10 3 5 15
1 14 4 14 11 7 6 9 8 13 10 2 10 3 5 15
