100
1
19
23
999000
10110
1099
999901
9
998999
100
999991
2100
901
100000
201
987654
1000
90
199
999
12000
900
11
111
1998
990001
11100
999990
11110
30
99000
11101
876543
11001
200
2101
12
2200
999998
2001
10011
10000
11011
1101
1111
10
900001
899999
32
10111
110
10001
99001
9999
12001
2002
11000
91
989999
456789
29
16
777777
999001
10101
1110
999900
100001
900000
11111
101001
31
10999
101
11010
1999
1001
7777
999989
1100
256
101000
102
2000
99
22
543210
1000000
20
10010
10100
21
32
2201
16384
999899
234567
999999
990000
19
