10
2 3 2 3
0 2
1 1
0 0 U
0 2 R
1 1 U
2 4 2 6
0 3
1 0
0 0 U
0 1 U
0 1 R
0 2 R
0 3 R
1 1 U
2 4 2 6
0 3
1 0
0 0 U
0 1 U
0 1 R
0 2 R
0 3 R
1 1 U
2 4 2 6
0 3
1 0
0 0 U
0 1 U
0 1 R
0 2 R
0 3 R
1 1 U
2 4 2 6
0 3
1 0
0 0 U
0 1 U
0 1 R
0 2 R
0 3 R
1 1 U
2 4 2 6
0 3
1 0
0 0 U
0 1 U
0 1 R
0 2 R
0 3 R
1 1 U
2 4 2 6
0 3
1 0
0 0 U
0 1 U
0 1 R
0 2 R
0 3 R
1 1 U
2 4 2 6
0 3
1 0
0 0 U
0 1 U
0 1 R
0 2 R
0 3 R
1 1 U
2 4 2 6
0 3
1 0
0 0 U
0 1 U
0 1 R
0 2 R
0 3 R
1 1 U
2 4 2 6
0 3
1 0
0 0 U
0 1 U
0 1 R
0 2 R
0 3 R
1 1 U
