115
96 97 199 62
96 97 199 62
96 97 199 62
96 97 199 62
96 97 199 62
96 97 199 62
96 97 199 62
96 97 199 62
96 97 199 62
96 97 199 62
96 97 199 62
96 97 199 62
96 97 199 62
96 97 199 62
96 97 199 62
96 97 199 62
96 97 199 62
96 97 199 62
96 97 199 62
96 97 199 62
96 97 199 62
96 97 199 62
96 97 199 62
96 97 199 62
96 97 199 62
96 97 199 62
96 97 199 62
96 97 199 62
96 97 199 62
96 97 199 62
96 97 199 62
96 97 199 62
96 97 199 62
96 97 199 62
96 97 199 62
96 97 199 62
96 97 199 62
96 97 199 62
96 97 199 62
96 97 199 62
96 97 199 62
96 97 199 62
96 97 199 62
96 97 199 62
96 97 199 62
96 97 199 62
96 97 199 62
96 97 199 62
96 97 199 62
96 97 199 62
96 97 199 62
96 97 199 62
96 97 199 62
96 97 199 62
96 97 199 62
96 97 199 62
96 97 199 62
96 97 199 62
96 97 199 62
96 97 199 62
96 97 199 62
96 97 199 62
96 97 199 62
96 97 199 62
96 97 199 62
96 97 199 62
96 97 199 62
96 97 199 62
96 97 199 62
96 97 199 62
96 97 199 62
96 97 199 62
96 97 199 62
96 97 199 62
96 97 199 62
96 97 199 62
96 97 199 62
96 97 199 62
96 97 199 62
96 97 199 62
96 97 199 62
96 97 199 62
96 97 199 62
96 97 199 62
96 97 199 62
96 97 199 62
96 97 199 62
96 97 199 62
96 97 199 62
96 97 199 62
96 97 199 62
96 97 199 62
96 97 199 62
96 97 199 62
96 97 199 62
96 97 199 62
96 97 199 62
96 97 199 62
96 97 199 62
96 97 199 62
2 3 4 2
2 3 4 2
2 3 4 2
2 3 4 2
2 3 4 2
2 3 4 2
2 3 4 2
2 3 4 2
2 3 4 2
2 3 4 2
2 3 4 2
2 3 4 2
2 3 4 2
2 3 4 2
2 3 4 2
