870 1107
21 628
731 1
741 460
332 654
382 853
841 780
391 859
459 104
95 773
506 479
71 700
717 679
92 705
791 130
170 570
816 345
581 476
735 21
257 775
519 386
609 853
523 394
480 808
156 337
549 229
511 366
262 863
793 694
197 691
675 339
478 660
176 377
545 267
713 422
798 536
628 422
658 832
669 7
237 354
549 773
355 15
796 861
397 825
93 787
781 627
642 43
83 443
372 414
227 351
692 743
475 33
94 287
364 107
540 544
230 667
783 689
91 2
581 211
369 562
628 570
454 741
352 186
243 454
835 577
527 191
802 449
499 613
755 216
867 464
231 581
423 543
788 488
627 128
120 172
681 742
565 46
646 452
748 356
576 629
566 406
391 524
88 774
65 496
11 713
586 560
17 546
95 758
295 421
710 246
404 453
197 449
782 55
481 564
94 262
619 388
477 797
532 511
322 862
120 655
593 758
602 799
356 677
798 721
347 171
659 109
413 441
696 843
621 778
65 308
525 267
509 594
695 670
314 598
777 142
739 790
716 32
672 341
390 362
123 780
129 81
330 313
464 609
619 695
285 54
271 768
805 58
165 859
619 516
67 100
752 851
50 801
726 824
12 271
537 483
755 732
87 575
591 66
175 409
666 183
238 4
376 137
631 34
346 94
280 201
572 224
737 234
849 285
514 603
507 547
404 16
543 715
422 690
701 722
47 225
183 234
744 460
21 546
466 229
457 515
866 203
111 33
538 40
748 511
339 697
711 11
508 525
426 192
125 282
346 430
350 320
775 518
4 469
827 43
302 838
136 254
501 127
436 723
125 153
462 482
648 474
126 824
401 562
549 446
761 178
813 186
67 831
808 163
305 383
464 704
270 599
407 844
258 74
201 77
735 501
655 2
470 332
252 105
332 152
631 131
718 129
166 866
8 252
541 270
51 183
37 156
256 744
446 271
310 760
805 16
75 831
657 736
840 394
204 837
749 223
595 781
132 578
355 378
731 256
469 793
103 270
625 659
334 197
282 826
164 321
746 141
200 109
421 781
752 535
341 808
783 596
66 822
626 425
822 844
179 812
801 576
18 638
658 764
20 525
183 414
823 197
807 170
772 499
354 830
246 731
417 654
569 19
788 609
515 180
304 864
700 289
793 495
671 131
688 243
461 288
495 183
272 721
844 2
255 39
737 215
597 342
268 1
222 42
395 773
578 192
530 541
773 680
432 303
336 750
792 288
533 282
307 373
62 475
85 820
159 5
444 17
290 668
124 203
179 93
710 801
708 312
154 73
127 527
457 394
704 678
317 247
81 726
423 210
160 9
498 296
274 341
378 211
18 149
151 249
115 831
474 245
531 225
102 807
313 612
73 488
119 285
467 868
150 528
222 381
295 418
499 591
546 365
675 284
474 153
322 271
187 479
869 317
810 809
105 13
655 333
542 485
34 511
202 845
843 284
718 856
20 235
520 736
323 447
437 373
16 512
9 382
588 830
405 779
717 670
537 350
319 373
614 335
323 122
69 67
99 632
427 746
839 143
85 96
470 588
446 681
338 701
607 817
630 452
240 64
562 222
536 692
477 77
641 661
129 600
379 276
705 407
290 319
53 491
498 685
533 797
855 67
301 327
61 34
238 672
701 24
762 330
587 600
296 411
815 16
301 181
314 239
650 776
427 665
27 731
600 135
270 382
233 418
692 866
712 427
854 822
539 358
180 669
157 65
796 564
704 830
509 622
449 96
355 721
575 544
84 528
294 868
75 490
363 401
494 95
271 418
452 197
106 26
99 107
209 577
608 552
456 787
474 734
155 4
43 155
180 435
33 266
838 204
662 298
74 515
358 528
180 141
784 363
559 183
478 483
342 588
262 257
167 833
732 649
178 858
617 330
306 655
411 202
107 65
792 557
468 436
592 783
708 857
277 576
497 452
363 813
693 777
618 491
757 544
706 784
138 176
783 159
608 825
428 644
41 849
220 288
487 712
478 684
219 570
584 396
12 653
864 696
63 12
203 123
355 616
474 328
638 625
697 385
786 159
648 859
231 169
536 469
151 39
13 704
463 241
868 169
206 220
681 549
248 285
672 655
617 770
589 249
306 133
454 767
740 757
467 99
605 473
73 307
351 109
299 720
394 271
76 611
464 453
346 788
531 756
695 854
383 485
71 231
513 769
439 489
765 492
752 474
98 794
332 509
681 300
858 751
764 164
520 194
294 733
807 740
678 1
95 712
346 265
390 434
843 495
801 405
103 200
98 241
262 164
678 265
508 836
732 235
329 564
93 254
868 338
870 358
619 803
562 538
795 583
363 410
310 562
254 223
22 328
672 860
551 636
34 389
449 743
381 357
456 590
453 452
757 399
507 84
593 647
141 441
353 720
508 416
675 404
301 325
178 839
407 707
270 737
230 726
593 77
109 27
677 450
8 154
130 830
645 100
368 618
431 468
516 50
836 847
17 203
77 186
483 512
585 535
123 491
252 468
416 645
335 46
485 791
844 315
105 108
45 438
25 93
697 487
829 127
611 582
138 145
735 713
630 667
272 734
304 392
771 450
363 733
572 789
272 635
483 105
756 43
188 461
90 208
7 616
78 9
350 142
161 344
570 443
444 766
371 390
153 845
824 17
47 565
245 744
397 614
62 177
731 228
48 14
413 687
819 340
827 523
800 371
732 735
609 219
24 626
36 275
776 545
533 673
595 685
727 648
128 583
417 310
298 667
796 20
393 689
669 46
168 774
159 350
20 547
237 618
291 302
21 629
789 271
357 170
302 268
738 638
54 399
631 119
142 301
722 137
246 748
307 268
173 116
687 335
747 147
542 503
601 285
730 334
176 678
704 214
128 109
649 297
387 43
742 3
842 792
401 537
762 401
299 15
129 267
553 78
577 473
128 342
347 402
262 710
838 543
308 574
447 337
53 836
741 527
575 600
110 501
327 145
587 760
742 81
541 687
709 309
755 671
607 646
468 512
390 359
270 613
23 561
521 309
807 390
855 225
574 808
217 21
198 645
210 681
722 63
604 154
606 146
675 68
508 838
77 54
701 790
178 611
612 307
755 582
647 353
284 329
828 214
178 346
837 84
666 382
794 171
252 334
638 190
228 53
429 553
248 565
746 226
597 866
360 782
131 578
785 806
381 349
786 706
58 375
353 302
286 553
658 59
411 211
761 409
562 135
609 261
671 441
512 745
52 271
115 692
132 510
200 386
767 636
600 793
341 84
806 762
253 818
587 235
647 403
81 430
312 719
264 660
195 576
448 203
545 231
695 594
16 546
170 515
69 687
390 432
83 425
625 284
734 718
861 478
633 869
627 570
788 535
357 824
720 156
33 594
408 641
500 759
695 805
742 510
63 634
843 270
557 307
378 614
447 640
495 634
411 27
624 459
521 539
360 525
47 738
221 392
695 113
376 123
811 533
801 721
808 602
105 49
302 148
743 854
824 95
77 139
557 633
712 664
410 88
641 334
863 176
301 870
300 754
638 634
327 864
322 185
435 621
575 291
227 580
352 22
856 627
255 808
702 480
398 192
673 855
435 295
58 506
542 502
489 10
824 366
523 513
14 221
795 478
807 541
656 461
460 648
305 88
176 325
202 170
341 386
791 854
446 680
792 336
559 860
790 201
644 316
832 394
270 565
26 42
469 236
134 432
658 10
287 796
615 643
306 483
233 815
289 730
785 573
476 23
480 331
217 236
412 661
172 658
555 538
391 741
714 737
577 711
804 245
647 542
500 751
221 410
74 265
855 665
229 158
773 324
615 181
76 432
617 77
782 723
703 755
41 355
305 30
305 417
726 80
853 774
180 807
33 570
480 869
716 638
827 581
191 660
585 741
335 709
479 447
167 738
776 121
167 701
158 668
835 740
744 277
89 172
619 384
472 209
90 169
626 668
205 304
87 364
157 313
837 695
278 661
14 864
859 832
607 518
624 328
518 461
55 426
208 836
36 463
391 45
174 327
323 222
329 101
585 848
515 265
531 748
80 730
63 340
126 185
418 750
448 215
236 869
446 1
228 788
561 233
634 801
55 157
480 381
724 75
429 518
223 543
719 179
99 595
559 105
442 423
474 396
663 307
155 26
43 868
651 267
119 17
856 172
552 224
390 713
654 454
234 312
552 136
797 141
836 803
40 444
721 826
750 809
215 95
341 504
839 393
176 241
660 410
412 703
455 763
420 303
674 126
816 30
326 736
612 727
768 607
215 33
666 624
273 221
511 32
312 130
514 572
268 844
785 1
95 123
564 604
697 417
458 619
336 434
100 205
555 234
316 712
716 82
136 321
85 828
314 346
736 466
323 446
82 532
447 44
135 376
171 251
734 517
263 2
837 188
777 772
274 468
845 448
777 177
315 183
295 481
135 652
696 784
399 458
534 609
201 784
166 738
301 402
821 837
65 764
806 598
108 481
618 605
433 827
63 192
81 689
255 636
514 422
190 150
764 93
135 134
786 484
322 289
805 574
265 701
178 326
26 273
175 612
169 582
72 719
744 206
110 274
153 126
617 116
816 838
243 839
529 416
62 706
856 368
663 489
826 273
132 821
178 168
737 544
152 320
847 559
841 359
714 309
375 266
7 410
825 95
758 236
649 616
510 290
127 816
423 455
775 114
360 308
724 189
289 147
791 506
100 274
470 491
266 316
706 305
489 506
828 740
745 46
802 793
652 800
337 778
624 3
290 267
436 350
388 80
341 260
221 599
157 194
143 562
587 467
538 82
597 622
113 773
76 143
238 368
710 235
561 541
330 102
778 268
113 799
529 522
850 486
130 675
144 314
695 282
853 102
859 733
622 232
354 273
687 721
136 665
417 632
22 24
362 305
817 69
81 330
735 480
436 319
72 466
591 630
222 861
745 617
479 728
311 399
316 283
870 854
402 712
87 476
154 326
695 799
730 248
642 622
792 338
328 695
191 201
312 849
666 864
745 67
614 703
2 756
484 493
836 279
757 493
733 546
70 549
152 727
784 532
553 722
411 148
712 677
558 313
153 764
563 117
