1000 4930
619 368
285 924
159 552
724 595
384 217
19 743
192 754
384 859
763 945
421 535
417 732
566 678
971 856
533 177
972 600
419 772
439 39
443 471
176 677
798 768
729 575
69 38
429 586
217 280
154 602
505 691
917 264
539 656
410 279
294 878
801 851
687 520
962 849
944 239
764 172
583 246
696 949
897 319
37 553
956 639
202 648
796 127
122 861
675 427
344 463
253 171
551 350
493 199
494 224
496 719
461 595
776 401
784 525
562 634
429 320
416 378
857 714
987 695
966 617
623 141
287 850
402 921
443 258
186 471
875 908
577 144
692 281
668 73
245 381
724 587
430 20
265 554
214 425
672 880
845 702
681 677
461 693
103 887
872 313
355 431
410 341
654 752
452 627
822 219
456 630
914 805
147 337
849 897
921 71
885 318
498 528
637 866
312 117
929 135
584 141
715 268
937 327
42 991
296 942
758 313
290 104
815 759
688 703
791 70
875 649
772 23
404 988
494 655
685 317
760 620
139 781
85 716
750 822
842 232
660 887
159 365
790 471
149 315
740 37
371 839
154 381
224 612
508 92
907 55
88 644
804 858
821 671
972 715
75 981
115 672
774 524
250 738
390 944
541 528
61 805
90 639
582 818
876 129
838 700
532 99
253 129
914 943
862 199
807 806
494 242
894 14
152 367
742 99
352 153
838 823
912 634
782 661
235 853
292 161
902 577
459 198
84 166
830 876
575 870
327 909
616 877
999 911
946 281
754 680
912 94
859 377
71 376
275 878
510 566
849 565
21 964
881 883
926 317
719 536
547 314
747 729
307 756
749 757
895 490
1 735
498 722
664 638
370 982
403 380
829 189
887 60
835 385
945 574
123 403
74 978
660 39
202 916
519 906
939 495
616 368
618 28
691 382
712 516
88 937
498 206
304 984
962 25
330 529
224 787
297 630
137 700
190 694
546 663
41 702
213 452
972 757
149 91
567 506
494 148
159 712
593 302
792 874
940 643
465 850
355 15
745 32
48 997
621 909
181 663
538 930
296 585
225 357
43 666
229 699
124 621
714 605
694 874
128 733
730 669
865 735
440 73
575 189
688 287
762 250
840 907
379 537
966 597
501 662
511 603
188 318
575 218
867 134
153 175
997 929
248 235
466 94
856 437
107 427
953 656
684 736
612 5
710 879
245 706
299 867
267 480
56 177
397 892
785 611
660 766
719 435
168 635
208 141
138 141
462 125
683 87
546 967
229 676
394 318
801 854
566 184
548 659
515 525
828 393
864 19
57 531
555 862
62 284
337 696
545 499
618 731
958 259
396 413
24 861
382 242
845 789
796 958
439 964
334 369
373 986
524 302
1000 407
50 463
250 576
985 216
969 739
288 877
715 180
992 241
774 601
277 223
349 944
507 413
684 308
806 289
930 529
972 180
774 935
578 594
577 986
212 499
652 327
46 448
601 281
892 355
736 907
56 365
844 907
912 776
623 3
208 600
527 268
288 342
692 759
624 848
588 302
200 631
240 73
366 324
556 199
576 212
793 736
723 155
872 756
835 351
675 969
215 673
697 597
19 577
804 143
524 111
778 390
211 915
30 437
384 377
142 441
181 738
475 339
863 911
349 694
773 633
649 144
847 633
298 544
67 176
801 317
982 929
976 732
325 98
456 858
729 240
990 795
419 847
295 782
815 665
615 268
393 725
653 100
140 582
306 858
720 987
683 791
311 32
701 205
976 15
118 444
137 728
419 709
447 544
51 830
106 226
269 406
197 516
833 817
458 772
511 18
539 600
596 671
741 455
119 872
169 256
873 554
965 180
995 249
125 866
968 754
953 532
493 841
739 177
496 845
25 604
870 224
835 712
356 583
159 213
291 86
179 957
697 210
788 322
272 899
862 386
554 595
149 733
349 544
613 110
332 829
230 919
9 44
603 798
455 859
133 954
273 699
716 361
590 438
576 993
404 58
723 626
651 388
962 636
815 66
670 270
9 553
875 930
986 374
342 207
877 261
880 55
197 781
972 82
974 673
303 909
334 512
173 819
745 5
428 471
633 239
301 520
69 317
870 323
74 377
295 943
918 662
871 376
429 165
502 485
547 85
159 155
137 251
608 394
899 413
593 90
43 498
996 468
426 67
742 581
298 596
74 341
211 817
896 693
692 397
8 52
979 639
185 280
404 916
631 898
118 398
389 238
476 896
891 138
8 880
902 117
966 173
548 917
262 463
244 96
311 504
519 823
160 942
59 765
522 255
473 298
890 789
898 526
545 249
960 416
956 601
288 563
271 383
790 270
115 664
594 208
809 733
481 659
298 315
670 94
502 508
260 64
396 41
951 54
608 385
767 956
329 260
310 442
496 517
461 483
562 559
120 294
377 467
621 826
160 882
767 588
470 171
608 203
845 818
440 226
77 136
777 594
152 726
523 50
462 823
244 733
692 781
18 131
238 485
421 198
421 273
77 676
656 612
794 579
63 527
319 44
304 182
905 361
966 845
939 639
91 584
618 155
718 361
848 504
96 637
577 372
466 156
652 354
945 488
83 753
892 414
603 110
658 911
532 916
826 451
397 44
578 887
43 951
740 791
870 930
744 669
871 906
585 357
287 158
640 968
952 405
221 731
645 526
903 448
101 11
948 859
46 900
692 788
306 128
344 751
695 361
534 100
591 125
130 743
652 394
84 399
249 3
176 301
394 380
965 168
604 504
470 195
931 431
847 345
496 873
686 274
173 378
429 144
433 514
160 454
969 592
658 902
327 784
697 673
922 717
426 918
758 736
686 304
82 993
837 767
931 803
681 245
980 437
646 799
481 964
1 961
248 953
445 300
819 99
649 254
841 625
901 190
321 98
360 576
778 651
798 416
429 888
943 569
286 643
641 944
53 413
571 635
552 651
370 477
222 986
152 269
923 382
746 64
49 301
669 28
712 325
39 317
991 72
243 6
568 850
869 273
651 674
288 369
647 578
294 699
69 314
761 328
561 689
671 810
266 450
268 917
40 55
363 529
476 848
21 161
224 19
388 14
12 998
637 854
835 447
730 139
961 939
452 99
199 60
552 902
664 907
443 301
495 378
650 738
347 745
478 213
711 161
785 362
254 361
843 444
402 932
328 880
494 326
169 10
937 986
922 5
741 207
796 161
956 403
963 262
746 154
801 42
930 398
189 59
995 476
807 611
352 571
78 255
133 165
328 366
156 202
746 301
253 363
188 973
865 499
833 679
133 310
409 341
980 36
708 225
721 755
621 576
655 81
344 457
753 210
695 848
865 364
77 910
404 504
709 582
999 217
469 351
440 425
184 481
57 597
573 260
645 759
922 595
957 848
4 679
138 424
853 628
305 186
305 6
568 818
915 39
305 951
510 983
224 743
409 429
228 364
793 698
432 980
895 803
472 331
881 571
456 5
28 270
883 851
901 734
408 168
119 415
775 627
85 86
602 416
234 134
785 542
1 945
128 364
202 632
187 938
47 858
576 302
178 734
433 241
235 173
897 674
200 558
128 171
882 54
19 860
845 520
520 919
685 451
25 850
151 363
711 71
980 648
61 636
503 870
488 361
205 798
626 614
735 471
493 1000
556 714
831 894
652 905
282 281
891 189
987 596
625 839
185 594
183 171
598 210
3 916
667 614
890 844
763 426
943 733
499 300
897 416
790 319
629 461
205 256
533 489
989 705
179 580
714 944
796 576
933 301
366 422
214 130
869 960
250 112
857 904
655 325
90 883
492 264
384 385
690 135
148 23
662 68
634 663
962 104
670 329
634 346
485 242
603 435
235 566
107 339
414 651
71 862
555 308
224 394
181 834
922 304
709 232
105 890
269 289
588 436
130 553
448 342
849 478
170 237
79 949
978 251
344 378
244 976
272 569
196 759
657 387
770 633
163 797
646 175
243 606
298 386
136 910
581 228
603 852
125 8
962 320
626 920
456 427
590 7
937 105
228 371
313 839
575 108
7 401
781 168
892 685
288 94
87 582
968 824
860 838
857 97
593 242
205 236
868 828
996 201
192 175
147 526
393 437
867 317
821 861
556 262
736 81
775 220
607 822
921 398
150 104
42 352
522 920
794 194
801 94
796 139
359 98
173 948
396 565
237 609
107 153
185 830
784 684
152 878
664 353
129 158
477 435
961 232
430 827
288 848
881 598
398 928
368 249
449 948
494 777
630 382
482 666
394 454
621 471
414 367
298 72
19 231
440 475
39 721
723 485
591 932
138 277
140 190
840 135
396 16
714 23
989 378
845 532
630 789
938 898
151 676
458 322
25 752
187 462
284 926
748 314
753 382
478 529
670 120
221 86
271 573
977 886
706 172
997 379
618 608
747 242
912 626
658 148
33 499
271 817
400 881
378 239
93 571
148 44
77 787
352 887
439 563
318 599
635 274
265 259
801 177
767 106
45 133
715 993
871 370
196 354
663 844
91 276
82 619
176 530
963 581
582 339
29 438
198 873
108 436
552 205
473 209
932 819
592 361
358 167
678 816
430 218
527 680
714 64
658 969
715 696
125 994
20 452
314 883
761 407
248 905
903 27
11 817
33 268
682 264
566 780
870 278
713 91
792 889
537 738
831 342
192 592
462 655
486 324
412 538
515 309
31 542
443 219
151 979
593 883
649 545
959 833
549 514
873 712
857 211
363 803
184 563
384 139
511 333
761 559
747 491
837 890
779 18
616 324
505 284
306 672
201 736
2 60
221 168
250 707
959 441
690 497
502 206
654 251
271 68
2 945
107 916
339 919
951 506
202 26
974 777
4 276
649 6
793 465
83 168
466 224
835 802
130 238
949 725
82 550
163 543
164 517
402 709
664 16
757 642
205 325
295 18
387 309
647 900
27 263
157 482
197 488
602 401
435 679
474 358
342 8
61 561
77 515
743 143
980 195
66 850
212 161
820 383
415 549
678 361
623 618
938 172
206 271
687 905
283 514
711 861
105 550
416 386
658 129
87 825
788 410
792 55
590 479
140 923
575 393
615 667
617 72
392 32
392 563
473 426
749 134
34 928
291 841
225 216
39 764
760 833
156 501
828 772
212 471
145 839
607 787
847 908
697 208
43 371
947 537
892 481
51 3
470 989
90 490
492 893
541 978
515 213
760 308
499 264
834 560
616 952
782 260
12 251
748 808
507 143
90 413
621 931
327 408
198 377
149 361
81 99
744 317
543 682
9 612
144 172
837 481
729 744
358 990
894 679
19 264
432 145
901 836
956 100
777 769
360 423
670 553
250 387
624 759
659 293
881 770
988 994
473 736
148 700
449 932
888 844
540 45
739 218
157 298
409 707
876 354
969 64
704 452
440 839
978 270
541 437
891 141
322 128
432 827
540 884
470 839
970 890
402 671
402 265
216 315
776 655
634 68
742 787
136 814
943 246
598 866
784 234
752 799
784 614
859 472
402 814
845 26
519 839
352 359
352 172
546 623
829 199
85 938
230 376
484 515
178 850
801 778
931 679
239 803
384 732
646 659
494 732
904 984
815 695
137 52
872 938
541 440
813 906
547 42
236 544
804 625
749 997
918 92
555 896
990 924
776 146
464 212
523 504
332 58
88 725
512 258
197 163
328 174
255 422
662 23
540 314
813 526
751 828
870 577
321 81
283 902
722 164
304 560
731 39
987 351
949 351
453 789
691 533
863 598
421 86
757 209
498 190
564 238
446 166
411 64
582 425
692 556
108 398
914 495
812 166
652 242
284 52
430 768
272 691
37 23
862 856
149 275
443 704
869 383
118 567
502 888
157 232
729 594
142 580
749 292
334 718
101 68
57 428
348 8
96 971
761 763
775 208
65 585
46 959
9 293
575 433
786 555
800 532
441 369
551 436
402 237
156 364
4 73
278 662
707 992
691 273
322 436
512 39
87 329
70 131
46 501
491 858
515 489
57 142
38 472
578 232
61 622
152 694
578 229
262 122
445 442
539 120
432 849
432 293
785 264
91 537
47 216
536 220
849 733
244 628
588 303
562 689
616 916
1000 958
585 171
269 434
696 930
34 537
970 218
182 235
718 457
432 860
349 805
577 468
256 442
961 450
335 827
191 6
106 123
466 515
486 872
785 231
988 490
698 893
74 102
330 819
996 247
496 23
157 741
255 545
832 6
741 116
997 218
746 692
729 386
22 682
674 378
382 743
715 755
272 999
482 67
296 835
192 568
221 160
157 798
708 914
527 382
983 264
17 513
57 333
38 122
387 72
538 644
889 258
501 529
84 228
286 888
415 833
109 462
551 469
496 191
459 584
958 916
960 467
1 361
100 817
732 463
581 627
396 127
948 572
509 450
880 218
147 173
737 234
665 680
170 246
575 288
80 786
192 823
562 394
250 430
69 170
986 116
58 657
17 478
257 816
311 253
41 905
868 571
842 76
720 730
763 177
503 15
33 135
107 376
948 850
329 824
453 727
275 190
645 323
815 909
670 905
948 95
252 809
950 845
749 565
554 783
332 895
929 851
670 180
402 653
62 216
672 350
965 823
107 678
278 968
235 836
644 199
240 880
209 98
888 700
634 416
248 347
109 19
319 186
503 450
710 734
159 699
970 277
401 451
829 515
538 871
759 795
278 554
154 179
869 989
138 994
13 129
289 374
551 559
145 604
737 599
865 410
603 732
556 135
593 907
704 690
835 551
965 250
324 246
492 733
237 489
754 213
185 3
484 107
424 239
5 483
207 236
246 345
780 129
432 932
622 371
551 781
511 879
646 35
43 439
225 883
9 881
857 21
881 584
915 190
332 974
864 225
935 3
556 239
722 3
774 66
279 860
891 207
121 760
711 909
486 127
88 442
35 606
198 254
970 367
311 437
367 135
594 457
977 471
117 454
448 805
151 919
998 303
123 22
469 14
668 517
995 158
31 898
352 884
77 46
58 515
957 468
589 716
780 371
980 480
103 339
288 613
49 973
492 619
226 216
794 364
466 844
543 678
582 50
322 403
969 628
350 172
227 804
535 104
684 614
11 883
904 574
154 133
870 386
29 173
510 162
234 416
586 605
788 497
614 52
150 946
976 454
408 264
100 838
85 699
550 703
729 696
107 169
415 368
16 642
74 50
496 352
65 106
800 574
708 223
980 932
412 934
272 17
453 425
327 238
390 171
786 481
337 128
995 273
393 694
503 98
857 103
729 858
362 942
645 465
515 201
633 3
505 856
335 570
48 529
674 368
730 85
342 90
680 887
184 49
607 531
42 742
558 632
996 708
688 60
864 634
712 894
545 627
565 133
798 478
69 943
587 152
431 880
254 569
58 934
384 893
921 937
6 643
888 617
995 655
815 333
598 55
636 254
409 618
33 90
740 417
568 699
608 632
534 974
170 302
831 24
878 374
745 260
356 565
729 53
774 373
649 385
758 726
655 320
484 207
779 725
11 426
625 341
878 513
461 900
937 81
109 324
151 908
982 919
279 557
726 693
929 319
983 100
569 861
101 929
971 635
149 598
395 328
775 280
669 309
502 622
140 6
103 382
196 44
21 71
296 690
155 544
998 233
603 820
747 427
505 836
235 450
974 940
310 378
129 238
572 694
977 418
557 625
65 744
745 158
339 867
329 850
762 16
764 369
637 489
531 353
660 209
807 93
812 577
154 340
872 279
923 949
837 12
386 818
492 568
110 251
20 682
935 997
395 6
868 803
387 925
248 865
908 220
303 175
126 838
57 94
594 569
919 497
922 960
617 803
101 146
448 402
892 469
876 383
571 161
473 398
807 458
417 317
19 896
961 25
388 161
962 932
689 804
418 853
156 882
602 117
418 110
896 143
996 763
664 336
974 504
478 381
78 742
979 440
616 542
474 217
660 92
396 442
342 811
508 90
328 27
864 445
576 353
958 481
890 854
726 472
304 479
766 611
927 595
34 341
170 677
304 971
624 549
404 71
914 54
647 336
725 75
798 964
634 817
101 229
237 150
185 848
921 734
222 896
79 706
903 481
88 849
562 37
393 803
801 209
268 703
719 35
36 984
458 795
590 469
199 732
170 480
610 218
583 390
375 882
656 433
640 155
714 190
937 258
21 225
666 317
536 108
788 606
653 582
11 23
655 989
846 798
842 90
224 353
897 542
148 228
574 216
922 537
615 835
87 109
387 425
251 942
894 451
514 232
254 425
898 75
535 727
735 570
885 201
977 856
616 40
415 326
652 94
637 632
88 54
760 853
139 726
511 705
790 52
121 427
574 314
650 388
82 121
120 60
48 382
589 499
840 341
754 345
435 879
590 154
22 232
65 422
435 284
778 637
943 293
835 612
484 542
985 604
216 122
948 141
215 851
642 317
511 214
836 635
394 111
668 198
362 238
865 569
589 424
865 935
699 232
37 961
149 844
151 568
675 243
120 393
615 587
46 625
277 208
749 237
215 10
717 783
940 599
903 665
904 777
644 860
978 897
876 491
305 215
187 852
9 621
57 956
497 242
350 300
448 200
779 996
248 306
636 784
325 357
485 401
252 124
16 925
762 357
929 614
231 215
311 724
885 42
668 430
707 925
449 957
157 356
170 66
358 303
234 361
987 189
164 861
854 858
113 454
222 32
556 763
577 666
62 116
970 778
105 220
853 893
237 40
91 895
654 269
460 842
853 506
940 855
281 924
285 113
69 292
713 219
786 131
987 91
550 317
188 196
77 570
280 954
555 403
212 874
295 549
286 240
235 654
715 442
840 516
352 930
295 322
61 6
796 95
9 699
720 239
328 885
415 110
730 713
789 104
682 338
296 169
683 567
406 678
133 513
393 274
451 839
662 676
473 28
862 91
61 218
97 664
459 17
719 664
358 829
745 30
449 877
433 260
400 731
476 756
630 808
984 406
585 117
6 859
279 128
763 315
49 878
763 918
855 217
777 131
971 452
147 6
984 318
976 94
298 102
740 785
797 533
502 718
871 900
583 563
448 250
622 138
18 818
790 572
746 722
459 716
385 736
888 383
622 443
390 228
670 353
540 684
305 678
63 242
288 47
994 768
513 570
43 908
272 707
347 153
884 574
477 992
756 800
478 331
188 930
407 302
464 672
102 471
601 468
584 444
655 68
683 293
56 426
510 269
844 584
404 589
365 374
884 471
702 290
245 501
299 638
862 293
124 92
548 273
622 888
1 399
551 260
631 399
770 879
185 885
984 829
853 44
580 628
286 440
486 485
306 298
269 694
400 358
154 993
934 338
936 141
868 210
923 409
748 436
429 997
503 169
214 499
222 490
751 200
287 906
132 981
576 894
757 364
843 362
924 518
869 712
760 386
189 568
272 63
976 893
508 224
247 103
189 544
978 26
409 250
301 444
45 233
473 776
127 565
936 570
812 149
812 738
957 860
763 521
45 49
529 874
435 994
511 81
147 568
556 146
115 450
557 231
482 8
232 166
412 103
802 14
658 267
987 579
786 289
255 513
148 890
609 760
511 741
62 227
102 959
708 689
486 181
342 430
715 49
200 467
806 226
901 760
77 328
496 724
244 677
776 827
158 438
74 637
105 813
209 795
18 451
272 991
4 882
169 8
188 316
615 702
62 790
943 444
411 199
710 930
197 245
786 393
646 882
883 490
990 434
645 797
252 203
438 808
409 426
45 961
597 628
653 887
67 108
129 604
106 49
342 310
363 520
608 269
329 648
701 163
402 763
2 276
649 93
687 765
409 910
446 261
980 904
710 251
951 824
550 336
329 172
183 196
702 385
443 379
173 664
155 437
375 636
400 365
323 276
129 217
537 59
611 28
258 954
552 594
141 406
727 926
387 705
426 784
872 721
688 605
488 323
11 523
941 357
14 406
265 850
70 633
182 101
493 307
360 696
388 929
541 208
561 879
891 480
629 362
31 603
18 111
224 365
280 345
346 290
597 804
672 16
155 662
51 534
292 754
748 703
298 955
272 179
625 942
366 413
224 769
69 762
547 641
724 598
157 339
583 524
427 213
718 627
753 289
680 223
554 274
147 920
493 350
385 424
897 606
961 971
127 876
482 834
835 263
443 468
395 633
603 444
247 764
875 17
493 887
539 980
388 485
652 423
616 364
672 365
848 16
654 870
87 244
567 195
255 653
864 959
546 840
997 643
644 227
888 866
299 752
88 275
70 231
695 191
272 639
697 895
864 249
828 297
79 425
118 14
670 316
238 554
31 216
443 838
344 247
472 428
117 99
564 783
458 369
741 446
923 55
837 16
363 66
87 625
56 485
672 171
562 983
712 26
297 336
85 543
193 92
121 431
819 938
896 808
271 671
792 354
536 990
662 858
740 201
965 128
340 985
906 167
925 73
339 26
140 460
253 992
252 616
848 90
646 173
225 135
826 443
210 981
154 582
424 251
88 84
587 364
56 320
195 406
76 64
311 649
701 713
512 116
407 488
686 536
651 598
283 365
980 829
639 374
445 55
641 294
622 512
953 756
922 160
702 103
705 769
157 461
1000 142
212 172
31 936
160 410
88 520
596 570
27 246
551 376
791 829
793 168
996 90
615 229
891 356
140 459
164 49
731 578
625 251
183 914
311 831
131 879
980 579
637 595
340 703
829 748
966 287
660 203
754 103
700 175
801 236
758 925
652 944
318 371
983 568
414 365
566 638
749 822
328 238
626 429
590 449
974 752
4 587
181 290
465 992
776 943
212 833
432 796
505 423
719 452
548 663
259 743
508 49
334 777
979 530
616 378
871 425
66 839
892 900
396 481
70 200
828 450
991 666
387 580
891 277
812 102
784 693
983 143
953 736
514 143
492 682
878 521
721 960
477 944
4 288
650 488
45 588
430 690
62 908
194 489
812 409
617 319
582 991
419 190
566 880
539 944
519 307
613 239
170 987
462 565
37 737
618 695
261 810
62 726
587 467
715 301
515 408
311 916
349 655
832 410
101 710
11 674
561 167
360 234
430 653
289 783
435 143
897 72
936 189
786 385
332 939
351 867
181 863
715 45
179 777
856 586
800 215
305 655
488 249
178 288
176 613
400 165
970 836
644 968
594 856
886 954
636 799
285 661
118 75
412 532
87 552
566 957
373 10
481 111
495 144
774 48
226 378
524 693
887 627
836 743
393 27
176 485
505 996
750 926
767 964
47 309
473 659
735 208
937 169
539 806
577 210
273 554
356 150
965 918
927 739
763 668
181 274
243 572
114 316
21 441
522 399
775 661
278 919
464 234
63 489
873 66
837 679
126 919
181 852
969 60
512 946
93 289
183 110
875 618
115 844
683 603
794 618
9 274
845 130
709 727
751 942
766 429
859 605
794 351
608 424
644 265
395 862
793 434
188 202
667 594
747 773
466 292
670 573
85 3
420 969
531 738
590 259
798 383
188 268
334 727
408 10
154 562
59 289
116 333
231 117
656 805
719 466
849 247
995 12
747 405
168 309
277 381
796 309
815 589
285 461
528 838
108 816
127 821
758 545
701 742
45 461
304 132
984 497
655 251
17 768
95 617
217 54
206 993
427 820
214 57
88 113
739 329
978 755
316 398
577 469
780 317
48 844
857 662
567 583
417 340
715 141
697 829
475 218
349 573
761 900
683 967
431 895
340 110
896 230
40 733
610 345
187 581
865 399
500 113
69 28
545 116
563 853
831 715
807 321
136 158
941 838
618 280
356 823
984 557
715 376
936 123
221 495
846 343
439 886
22 277
961 405
687 246
746 43
654 485
729 799
152 357
359 117
431 726
554 601
476 653
244 167
634 491
83 99
211 589
802 293
562 442
379 770
128 480
151 63
420 893
302 795
430 887
976 542
287 171
778 839
930 59
156 855
83 349
21 132
128 6
3 60
224 10
540 452
170 474
995 693
970 194
604 485
752 208
714 357
982 122
806 199
159 953
587 795
187 312
297 867
634 387
65 81
194 705
304 1
363 769
342 165
419 549
418 25
57 130
352 488
8 239
559 433
873 475
394 30
105 398
548 339
125 40
396 960
515 736
329 341
239 32
922 349
82 79
778 309
908 529
821 262
587 655
109 63
842 739
384 951
22 771
145 416
902 914
173 802
227 707
727 72
730 189
395 508
936 105
863 507
167 734
369 867
294 631
141 839
353 732
728 971
179 389
286 551
305 337
857 465
680 110
93 39
683 459
649 335
995 896
117 161
848 676
213 264
503 617
89 99
325 468
884 475
511 535
23 451
511 331
149 273
719 753
559 240
616 943
356 694
953 10
360 835
839 341
548 457
87 991
640 432
157 247
347 152
24 364
421 850
615 697
62 523
198 955
153 269
750 270
697 130
550 300
473 584
95 945
402 235
115 619
828 824
831 572
812 930
106 867
31 920
76 155
710 38
394 146
273 94
410 610
93 32
418 391
45 957
66 450
164 925
715 764
325 898
198 144
458 991
720 518
156 68
786 302
421 970
598 381
685 824
512 54
997 998
991 605
432 413
253 736
144 289
751 205
790 882
657 241
884 518
495 850
847 233
730 768
63 574
740 159
590 880
395 941
986 504
987 565
699 981
885 978
613 39
46 109
474 524
466 656
751 666
496 414
298 338
603 116
601 824
443 477
458 470
29 668
124 849
286 117
495 457
988 266
770 98
347 556
61 726
388 122
689 728
464 853
121 289
776 557
306 259
252 812
183 231
821 565
477 518
475 858
62 565
945 391
302 595
996 833
588 403
288 578
963 804
935 627
737 232
439 821
902 376
575 290
779 568
444 666
85 391
766 696
876 446
563 504
53 975
440 733
41 268
349 531
523 393
780 422
602 130
197 330
484 84
932 121
418 172
366 206
440 129
848 14
922 710
152 565
882 917
154 217
82 842
154 255
654 177
790 10
749 194
508 43
588 192
660 725
973 98
58 317
294 127
174 833
868 795
423 601
762 703
56 977
873 336
673 787
140 811
107 85
895 180
866 586
806 26
94 905
817 92
764 204
649 608
597 239
583 671
105 450
533 514
318 225
255 186
535 84
258 480
42 437
481 883
79 72
494 781
924 480
410 827
711 477
468 465
531 318
201 679
589 374
807 533
441 254
973 877
153 516
473 333
48 424
247 584
749 611
813 981
549 942
804 186
623 358
897 499
421 224
443 431
115 320
761 200
136 16
745 390
835 91
999 265
305 850
181 442
196 488
863 452
95 110
650 838
647 376
868 302
889 108
192 204
319 268
283 679
982 137
400 240
35 755
163 679
35 47
702 280
426 450
794 847
621 230
62 769
121 331
693 981
503 586
547 525
182 346
934 768
39 345
313 209
996 375
502 861
546 162
69 790
305 141
126 39
291 955
843 326
370 928
224 59
498 67
831 135
541 168
871 251
598 913
766 23
624 674
307 206
997 333
441 614
758 514
205 317
538 848
779 559
374 10
963 932
540 647
837 328
158 326
623 150
935 751
267 823
647 646
240 100
500 1
100 526
690 465
763 653
13 742
857 909
857 576
842 276
398 981
420 760
906 732
99 92
672 444
334 983
164 662
617 442
46 508
908 495
16 362
253 200
384 307
845 79
496 823
136 595
67 841
356 441
337 84
305 844
176 398
913 909
626 693
407 553
552 869
36 240
349 27
4 29
387 175
189 827
658 216
190 239
615 239
891 917
307 596
794 302
719 294
291 158
439 235
536 153
37 825
186 542
99 924
61 504
246 75
188 371
191 734
686 534
730 396
877 992
859 381
950 483
680 441
187 667
113 805
941 217
870 266
891 755
654 710
205 967
90 293
624 772
908 664
761 268
477 611
538 935
955 959
335 481
130 261
484 637
8 526
412 959
342 450
936 228
626 889
456 501
845 910
196 737
741 818
244 894
984 874
372 733
154 87
621 294
590 378
30 816
363 277
559 895
971 399
922 210
771 580
719 207
721 228
153 631
612 32
482 487
610 94
618 427
11 203
947 678
397 68
109 954
836 679
619 577
669 386
797 333
709 763
176 281
681 974
231 822
785 27
396 713
896 34
435 533
473 560
990 667
937 301
884 631
776 887
788 906
65 122
502 620
319 110
52 376
447 8
622 838
545 371
847 935
832 388
409 168
923 873
48 109
412 179
711 553
987 346
914 150
58 852
711 25
575 939
629 86
780 121
649 835
136 213
118 16
87 115
711 883
894 319
68 315
783 595
147 256
438 220
37 956
160 204
114 971
26 281
136 782
174 913
448 608
943 413
342 731
932 274
346 733
358 422
759 14
314 73
45 732
781 978
157 493
321 604
535 853
105 850
160 572
509 58
311 754
937 167
432 556
970 561
192 521
396 550
970 313
335 735
75 320
965 982
438 361
973 690
460 190
409 495
63 852
482 568
709 407
903 694
12 931
579 899
255 587
865 771
418 897
6 60
982 247
138 204
836 507
565 803
140 869
496 137
492 99
384 287
402 146
77 446
77 969
975 357
724 494
207 811
934 437
212 186
12 303
587 900
513 825
113 320
810 166
920 805
668 918
832 71
903 25
615 836
619 570
875 27
253 899
252 601
865 606
257 289
589 254
332 104
577 66
995 975
652 161
446 480
807 691
984 689
132 213
217 339
809 700
185 378
39 371
976 411
540 820
686 565
229 945
244 553
730 877
859 3
87 914
271 945
970 735
438 532
627 924
684 353
41 737
965 740
137 994
608 345
935 206
602 969
328 478
871 863
332 16
848 669
902 721
686 354
869 898
67 955
763 566
876 142
286 603
834 183
966 489
990 597
257 887
330 391
863 711
977 862
903 110
652 531
652 88
670 267
157 257
966 973
509 227
370 638
578 122
901 642
60 166
837 981
355 664
858 628
559 822
799 605
672 981
877 680
505 516
641 855
252 701
837 82
128 883
770 446
719 361
793 442
153 877
188 527
390 898
322 199
945 599
876 215
271 410
311 729
312 745
829 977
244 910
771 81
12 795
360 192
677 653
849 881
417 378
721 886
205 93
171 341
779 824
707 378
379 867
306 74
716 946
753 232
588 884
711 586
976 836
367 628
477 563
832 883
576 452
409 934
228 382
556 565
247 521
603 560
414 433
678 274
948 905
328 50
47 699
215 795
185 66
773 924
503 713
353 437
779 998
321 386
672 662
622 258
531 166
588 909
692 767
741 856
156 162
782 627
245 964
523 353
188 94
91 232
660 836
609 190
995 303
7 277
97 194
170 918
747 543
344 379
144 317
647 388
807 377
77 679
292 219
855 836
229 278
249 117
502 321
837 471
69 290
397 917
1 249
751 44
843 263
349 210
756 662
791 490
87 630
716 969
230 810
998 639
763 915
350 924
197 467
730 535
550 249
990 284
623 968
419 870
749 657
848 985
740 130
902 881
502 142
963 302
891 861
590 404
214 628
103 942
597 40
347 21
681 322
885 802
183 137
118 23
875 585
482 727
211 962
528 994
894 325
78 882
801 969
384 323
366 162
350 743
403 331
478 326
722 663
7 419
709 5
982 598
677 401
470 369
588 512
538 290
702 491
445 898
889 92
1000 199
875 111
998 544
881 852
181 461
381 592
183 932
419 879
352 955
900 604
109 846
672 110
51 27
859 269
45 130
943 478
756 454
868 664
995 784
231 704
392 571
882 693
214 821
622 208
469 110
688 673
414 673
71 309
511 743
183 74
157 833
385 506
42 240
466 369
746 335
950 731
929 808
95 557
97 988
724 738
498 978
21 12
225 959
663 888
812 342
851 341
136 441
798 897
966 638
695 92
711 760
169 585
24 410
794 703
832 614
762 901
992 64
865 509
31 674
686 596
713 293
417 224
713 631
511 543
590 406
848 614
6 553
996 348
340 98
959 690
933 589
763 856
249 694
602 669
306 110
672 917
933 920
77 25
863 908
540 317
629 324
102 290
294 535
578 620
279 161
797 270
673 768
214 703
335 798
307 574
739 755
623 12
775 116
53 852
321 475
205 973
494 517
793 415
598 242
601 838
29 85
337 968
720 98
198 571
35 274
437 816
921 738
83 736
96 68
432 604
7 514
505 157
962 270
452 841
821 533
56 92
440 326
168 256
206 376
81 52
83 773
211 418
709 111
215 506
749 275
344 705
935 925
24 767
332 264
334 476
155 257
980 25
739 601
447 146
432 100
53 822
615 413
182 144
644 784
958 721
725 783
743 703
503 781
344 938
716 867
400 908
868 468
634 861
958 672
78 517
975 825
688 798
746 134
968 553
933 116
130 822
183 495
683 78
41 543
206 820
71 853
411 771
782 310
342 308
311 398
670 446
940 377
851 251
776 376
287 919
837 1
988 621
590 788
112 755
667 355
777 487
501 313
142 514
484 553
13 813
785 359
966 619
536 10
860 599
58 289
185 473
645 755
633 570
543 324
427 372
474 537
46 565
105 594
342 129
196 559
737 596
969 81
539 663
96 874
373 565
871 899
581 134
519 203
782 882
752 610
288 935
860 264
769 946
807 275
402 189
179 718
560 468
979 256
927 27
999 694
525 383
423 489
766 600
857 227
165 805
702 398
334 819
792 725
940 263
615 813
902 734
840 359
213 254
306 646
126 461
53 976
764 26
892 545
295 278
522 342
760 949
69 239
278 391
780 85
766 314
668 225
288 410
508 203
720 926
723 3
97 782
35 850
118 499
997 25
194 70
730 644
346 141
969 471
516 161
221 421
847 858
576 257
650 520
388 487
266 246
445 242
458 488
763 981
86 859
854 544
206 30
82 861
988 611
404 938
973 241
495 230
667 369
776 413
340 955
136 487
409 783
913 592
283 703
486 593
4 532
627 905
439 48
904 545
380 858
24 833
604 700
358 160
13 176
33 175
78 426
550 850
534 744
202 833
81 73
295 156
758 476
121 261
599 377
233 282
33 469
275 822
74 612
538 4
419 704
780 489
22 817
278 175
254 401
9 348
796 936
988 465
540 288
966 120
74 128
757 141
460 3
593 818
689 104
891 353
340 150
966 986
286 206
417 301
205 595
114 442
422 451
667 810
244 348
301 40
620 727
987 521
35 132
643 699
551 98
510 102
169 800
80 920
244 601
888 434
941 216
373 123
634 855
872 677
358 42
61 876
550 733
128 454
312 291
976 693
919 399
83 458
283 169
891 60
598 928
178 458
788 684
448 287
240 671
929 981
740 271
170 870
9 958
211 677
360 254
417 755
951 911
884 882
419 400
718 212
719 773
633 726
612 95
78 989
473 465
791 596
641 968
602 731
782 528
730 744
702 220
408 469
384 403
663 962
886 942
452 369
523 570
683 705
147 96
50 425
857 783
417 938
522 123
953 23
168 633
41 653
6 905
498 566
778 11
373 880
503 680
66 671
729 325
267 905
116 345
753 639
536 121
774 825
979 704
857 118
857 553
785 324
287 39
727 635
347 852
875 348
114 633
853 425
730 409
321 817
31 634
106 242
36 217
61 176
183 26
202 890
681 745
379 324
151 902
558 66
545 784
387 354
577 169
498 592
486 122
895 263
248 94
76 877
295 24
588 982
778 591
961 10
555 241
547 188
685 144
986 433
843 943
145 848
990 786
130 123
576 610
225 917
889 16
338 246
692 184
584 769
252 458
716 377
587 572
534 261
539 720
995 576
80 219
597 5
904 513
872 694
585 260
726 743
777 967
163 29
873 165
698 985
296 210
864 886
203 298
989 850
828 913
539 318
245 155
616 982
247 246
685 433
394 339
602 604
549 568
307 133
658 743
71 499
847 775
224 991
922 464
43 56
476 561
744 784
546 388
750 571
124 598
290 371
221 584
111 281
139 861
156 981
498 431
584 371
303 605
144 442
145 76
723 167
644 469
607 958
77 159
793 150
153 585
244 251
870 787
154 600
763 378
908 52
250 596
87 74
87 497
855 143
539 915
609 27
24 68
813 550
133 249
997 506
46 288
786 712
328 5
590 150
97 149
556 559
776 472
101 869
466 856
284 880
871 780
139 95
431 574
468 308
415 495
509 971
53 926
312 739
558 704
65 906
724 530
763 713
620 265
177 369
782 637
663 68
24 238
221 775
147 92
832 281
133 81
76 464
45 442
728 218
528 471
50 506
802 215
15 378
164 374
184 215
511 25
475 282
295 406
902 90
448 278
7 439
192 23
997 483
229 190
855 94
336 526
953 210
607 307
644 703
849 971
258 820
885 488
153 423
479 333
561 949
616 623
837 960
895 569
897 637
797 155
365 853
168 175
939 112
244 279
345 413
561 518
781 845
820 789
921 267
736 434
555 918
592 924
534 851
47 150
539 234
812 657
865 849
154 241
923 997
708 117
375 27
912 787
875 921
877 949
640 919
18 138
862 673
974 799
645 837
540 240
579 480
834 104
235 765
514 471
843 257
493 829
386 66
211 634
356 587
549 757
985 682
198 841
473 382
381 605
475 213
520 438
719 894
170 755
29 225
747 58
984 280
412 769
622 160
90 497
617 261
843 216
641 166
477 293
540 659
177 905
890 600
176 784
856 413
116 483
140 955
986 378
20 30
41 247
182 36
922 197
355 92
24 223
394 375
252 7
318 201
295 494
847 141
649 142
404 499
135 954
471 467
637 361
124 668
505 902
415 911
912 770
556 403
271 491
999 533
848 405
163 545
466 418
777 338
597 177
745 216
288 44
97 273
452 861
179 575
20 633
609 377
76 59
404 920
649 469
647 710
687 629
190 55
462 824
449 548
33 293
180 839
931 905
107 884
751 199
971 302
940 186
211 874
847 883
469 924
320 823
353 167
459 572
33 860
906 40
343 177
644 804
539 876
994 161
229 141
297 874
673 230
782 117
197 427
107 591
48 340
588 585
180 399
722 354
977 808
83 572
511 43
598 662
652 118
105 629
604 585
709 893
790 100
424 104
519 121
167 507
48 398
515 406
358 687
344 330
548 896
753 805
312 371
510 634
683 292
19 246
11 280
522 409
576 34
511 249
675 437
342 403
624 86
716 799
950 338
71 784
292 54
167 75
829 249
226 302
815 720
616 762
759 133
858 632
235 196
58 357
719 286
539 345
9 377
152 752
728 270
66 909
31 685
221 303
655 158
811 422
154 260
136 238
933 148
852 300
164 579
375 339
414 212
34 533
551 472
517 525
822 861
683 224
869 757
212 787
780 884
87 237
897 545
456 100
37 382
286 466
97 374
61 957
526 700
835 247
265 867
503 456
582 586
198 382
953 96
534 338
421 469
147 919
426 471
709 898
180 614
252 498
90 469
132 804
845 355
593 458
802 345
616 92
155 659
941 784
690 967
892 194
178 93
414 656
983 399
863 323
224 40
78 733
815 668
702 292
965 842
640 463
785 551
952 337
623 451
897 336
904 780
719 938
340 369
150 499
689 135
210 166
489 172
391 586
635 143
267 632
552 112
821 516
94 166
78 81
498 822
613 586
935 56
602 765
17 567
987 556
236 911
130 823
387 944
368 219
618 94
548 52
906 736
619 914
377 99
31 544
51 299
551 899
509 732
535 368
834 698
224 596
857 933
781 16
715 478
16 859
806 898
716 158
663 44
109 900
370 362
154 509
562 385
484 790
322 838
287 232
415 423
608 116
857 121
347 882
97 78
717 752
875 558
589 162
69 659
681 249
624 339
78 203
968 516
561 678
174 880
138 625
178 514
363 959
877 463
708 350
791 92
902 34
723 460
335 423
11 565
817 506
1000 806
250 333
878 737
183 619
899 911
510 737
126 226
522 452
740 275
244 472
48 67
798 994
305 372
151 367
697 704
941 643
2 67
737 361
829 451
557 190
940 74
194 574
67 309
357 925
12 40
160 161
105 941
714 773
159 829
381 765
37 587
664 369
495 771
505 816
61 767
227 853
121 877
714 910
752 981
52 595
881 567
915 416
147 343
495 880
424 218
409 298
865 482
800 571
709 671
963 620
531 112
78 551
552 299
400 552
511 784
716 833
24 324
776 73
922 1000
156 331
651 161
843 98
266 129
603 805
196 757
252 433
182 206
91 867
151 127
848 102
496 600
427 926
174 196
360 331
322 971
730 549
215 642
291 104
980 21
420 183
395 865
556 113
739 467
995 829
869 246
689 141
301 264
634 274
636 569
602 12
712 143
237 471
821 560
719 25
495 308
689 259
841 383
304 363
575 15
929 146
324 716
623 40
203 917
184 636
61 559
708 413
953 203
505 958
576 135
945 177
864 568
904 351
522 914
885 926
154 581
690 454
484 793
584 679
13 371
786 488
348 537
330 60
723 575
417 916
286 618
835 975
892 682
537 506
930 879
222 881
619 945
943 260
692 829
266 381
177 507
714 233
932 160
110 92
826 846
35 707
137 861
390 572
744 843
28 585
185 361
23 614
476 993
663 274
610 441
424 604
922 688
923 105
856 436
88 745
178 301
677 639
182 301
498 928
807 571
296 107
519 200
501 108
686 550
744 617
686 554
639 199
288 71
352 919
552 369
881 134
737 736
921 551
576 765
768 451
579 601
775 276
100 967
814 226
945 102
357 293
503 266
801 855
323 199
328 427
753 638
965 784
562 531
83 67
961 481
875 47
519 526
87 925
904 333
173 515
869 998
845 435
42 233
358 800
767 250
767 561
750 22
37 212
475 580
405 866
439 634
885 678
192 606
707 218
862 598
158 134
829 854
393 879
828 706
723 954
564 568
637 246
29 510
56 642
272 916
112 377
845 457
921 808
847 485
232 451
979 3
801 985
513 236
714 106
486 145
914 600
57 280
865 603
865 14
477 789
558 219
718 868
750 437
157 269
654 245
468 72
17 890
150 471
414 601
535 249
576 769
211 504
623 537
62 47
769 428
139 375
656 446
655 30
248 316
144 354
959 850
533 451
935 932
332 767
349 695
2 775
156 906
1000 230
709 183
829 726
876 680
897 386
455 405
603 225
829 989
974 37
432 541
248 731
550 438
77 887
786 580
86 403
187 961
347 11
240 79
754 866
242 232
996 895
618 386
547 335
164 218
496 152
112 574
1 375
165 326
258 64
168 789
868 846
996 283
652 856
191 385
746 366
503 352
871 125
646 663
988 679
311 280
646 528
404 102
426 639
744 313
903 233
87 26
250 378
216 209
949 60
127 472
368 60
921 826
41 957
922 613
202 318
96 967
29 238
584 166
985 712
987 764
591 261
551 610
697 759
813 528
80 501
827 282
702 303
527 994
49 742
344 51
283 466
178 635
268 262
33 647
400 150
440 269
149 363
412 440
255 592
749 129
978 128
400 37
53 885
809 820
396 962
574 116
206 743
65 68
11 637
358 345
87 160
552 896
328 455
535 635
659 463
847 901
591 752
405 333
511 935
686 363
193 739
640 358
658 559
279 888
626 229
365 79
682 364
964 290
794 712
561 312
262 258
526 928
6 471
103 177
692 773
306 990
860 345
414 841
882 257
956 581
991 267
538 725
118 104
190 320
372 611
597 571
502 923
819 442
139 235
885 468
144 343
418 343
97 361
334 693
427 143
871 374
709 343
412 294
654 861
491 874
623 973
365 258
937 129
707 676
458 426
156 374
391 818
432 284
602 287
758 242
933 85
20 627
665 325
682 343
593 493
41 568
575 736
337 100
637 518
729 144
123 673
768 954
469 254
644 943
955 25
735 854
8 639
796 342
764 734
598 434
908 433
162 898
587 175
589 628
272 856
937 678
85 899
349 667
814 138
101 298
319 487
546 425
434 293
751 665
602 766
846 52
556 274
295 382
582 642
119 666
57 901
746 160
88 165
979 635
396 766
551 84
476 978
990 897
801 443
912 849
8 919
724 671
856 560
780 601
13 549
802 225
362 236
966 355
255 429
737 678
820 981
973 403
868 191
778 118
139 915
174 604
78 176
729 266
837 151
417 54
1 537
751 738
645 177
296 971
9 936
63 167
332 342
156 898
602 382
306 348
582 216
243 853
701 378
197 575
704 572
79 428
138 446
692 310
621 195
324 166
590 615
610 820
864 743
39 441
8 926
609 643
617 926
546 384
212 8
106 631
921 80
363 537
107 876
245 876
256 220
440 297
204 258
403 338
242 406
626 131
188 958
689 199
728 497
708 591
108 992
588 754
348 532
350 639
791 79
520 679
226 994
647 988
997 769
137 472
342 948
552 728
237 290
720 191
677 169
41 898
334 242
779 668
157 768
229 525
468 605
591 166
802 333
724 144
1 316
935 348
310 732
468 364
355 440
979 993
857 990
701 370
347 601
956 617
629 189
10 401
261 755
926 333
921 146
430 967
603 542
17 605
12 760
159 158
609 73
455 471
294 270
796 802
477 465
957 316
941 418
176 735
158 361
538 394
125 906
995 898
436 75
906 428
555 544
558 341
358 186
283 467
806 883
419 601
979 954
547 162
886 630
502 606
145 78
791 259
466 27
804 919
892 195
597 941
121 612
658 669
128 944
47 804
663 161
41 210
622 559
741 604
776 848
335 783
751 39
