100
4
10 5 15 5
2
100 100
8
81 81 81 81 81 81 81 0
6
23 90 40 0 100 9
2
0 0
10
100 0 100 0 100 0 100 0 100 0
10
100 100 100 100 100 100 100 100 100 0
5
44 92 32 99 28
6
22 65 7 59 86 18
7
50 13 14 32 99 78 73
8
34 54 85 93 24 59 85 52
9
78 6 77 17 87 92 86 61 46
10
57 26 14 73 12 11 69 17 8 20
10
2 27 52 22 28 84 25 29 94 38
10
55 12 27 61 13 36 26 38 50 22
10
36 18 55 0 30 56 34 75 48 63
10
89 14 77 10 50 74 47 11 10 25
10
37 90 39 82 65 10 70 77 89 92
10
53 37 49 10 95 63 93 64 64 17
10
30 18 41 16 40 54 76 28 32 51
10
61 12 28 86 75 48 98 56 27 68
10
52 13 81 86 49 36 66 13 99 83
10
90 24 38 94 50 22 35 59 91 91
10
92 28 2 50 46 54 61 60 70 69
10
42 44 11 41 47 19 1 47 79 13
10
3 82 49 75 50 88 84 38 3 75
10
95 97 60 7 44 8 19 40 9 79
10
84 23 27 23 49 10 94 11 38 82
10
31 12 99 75 62 8 19 48 64 10
10
65 93 17 22 42 80 47 87 30 98
10
51 78 72 48 62 97 42 73 23 6
10
66 41 9 79 36 43 25 53 27 53
10
77 15 10 13 9 49 80 93 24 86
10
54 29 61 66 56 19 4 8 85 59
10
82 47 98 95 21 97 45 7 51 18
10
60 92 64 31 26 0 72 9 32 0
10
69 17 73 84 31 87 83 68 3 7
10
23 59 2 48 58 2 77 22 67 79
10
79 42 80 9 12 40 47 36 1 57
10
40 71 85 33 12 54 11 2 36 40
10
9 55 46 53 86 66 79 24 18 81
10
63 29 59 24 70 87 69 64 27 59
10
91 83 65 47 87 17 6 1 81 24
10
7 76 10 3 32 43 98 99 55 73
10
99 63 66 39 95 79 79 77 68 92
10
43 44 0 94 89 94 88 37 1 13
10
9 75 50 5 73 59 58 89 5 97
10
39 27 86 69 99 86 33 20 80 15
10
36 33 94 5 54 56 22 88 8 61
10
74 55 19 48 32 63 60 7 69 37
10
96 78 58 71 26 26 38 2 5 59
10
26 57 23 57 66 41 76 54 21 12
10
95 13 95 73 20 55 3 31 29 18
10
80 60 36 30 66 69 15 59 20 32
10
22 9 17 25 73 87 27 13 78 39
10
80 91 35 80 83 43 40 1 34 4
10
5 19 50 77 90 48 41 97 10 52
10
31 54 79 99 31 90 90 19 98 78
10
81 42 73 8 40 7 61 14 52 44
10
17 14 88 60 63 42 19 92 34 30
10
15 90 40 91 34 93 25 68 55 60
10
93 32 72 29 57 75 2 0 36 84
10
87 80 34 12 88 91 58 59 52 96
10
96 57 57 37 99 77 71 40 1 60
10
22 68 11 54 59 12 64 28 82 82
10
89 6 82 27 7 58 1 89 76 4
10
97 23 55 23 10 74 50 32 38 9
10
51 90 58 17 17 57 84 11 86 75
10
47 17 20 72 55 46 62 11 34 50
10
25 50 56 83 16 64 27 10 34 14
10
60 20 94 58 90 77 35 32 73 24
10
85 61 58 45 39 26 77 0 58 85
10
7 38 80 35 30 62 92 47 20 2
10
62 65 76 30 92 11 77 27 39 10
10
12 86 33 65 8 32 60 7 51 61
10
33 93 3 15 24 44 79 90 27 78
10
40 38 17 61 31 68 63 74 30 90
10
70 20 63 44 89 20 49 64 68 29
10
37 71 21 96 86 65 50 19 79 25
10
17 69 75 89 29 59 43 3 26 97
10
0 69 24 57 89 20 82 80 82 95
10
98 95 33 21 65 97 93 25 53 60
10
51 79 76 47 56 87 63 74 20 30
10
48 36 79 93 78 41 21 83 76 96
10
0 9 58 93 14 49 21 74 34 1
10
13 97 50 82 90 52 73 96 89 62
10
42 2 32 53 52 92 36 11 91 79
10
99 31 38 34 83 49 22 70 68 52
10
44 57 22 39 43 11 12 88 40 54
10
75 51 93 6 80 50 22 6 85 28
10
34 46 76 95 97 40 87 51 56 96
10
41 64 10 65 41 34 60 77 5 73
10
8 71 77 67 11 62 81 37 73 64
10
3 37 54 78 17 80 61 65 56 64
10
98 46 29 55 51 96 28 52 56 83
10
58 8 72 92 24 71 42 15 90 79
10
95 61 3 49 11 89 35 85 33 0
10
46 66 1 95 88 98 17 13 36 90
10
32 32 26 15 84 26 24 19 20 58
10
9 23 77 6 74 33 93 23 34 78
