628
-
41
53
142
235
300
335
503
608
690
748
788
792
905
943
958
1009
1023
1071
1187
1259
1334
1363
1421
1537
1549
1663
1707
1727
1771
1899
1915
1954
1969
2173
2183
2232
2307
2334
2364
2426
2432
2489
2649
2700
2702
2792
2829
2964
3005
3055
3187
3200
3217
3256
3323
3425
3525
3666
3670
3777
3834
3839
3843
3929
4205
4306
4316
4321
4322
4389
4391
4460
4564
4665
4682
4683
4730
4901
4986
5134
5140
5144
5354
5393
5413
5489
5580
5596
5631
5682
5713
5772
5793
5845
5959
5979
5987
6140
6145
6173
6291
6298
6363
6391
6509
6580
6692
6893
6935
7129
7207
7233
7376
7439
7462
7555
7628
7671
7681
7691
7884
7964
7979
7983
8113
8206
8236
8419
8476
8534
8540
8548
8581
8661
8670
8677
8684
8724
8924
8929
8966
9065
9069
9170
9238
9351
9382
9409
9475
9581
9637
9680
9705
9733
9770
9770
9819
9837
9913
9965
9982
10020
10118
10139
10221
10233
10237
10300
10422
10503
10565
10598
10602
10632
10700
10748
10775
10863
10884
10969
11009
11017
11025
11035
11040
11105
11128
11131
11288
11346
11473
11534
11588
11591
11599
11603
11615
11628
11661
11685
11700
11740
11820
11882
11901
11913
11938
11955
12005
12052
12068
12077
12081
12123
12160
12174
12180
12180
12198
12211
12248
12277
12312
12394
12413
12422
12423
12468
12485
12576
12578
12616
12649
12701
12721
12801
12813
12820
12851
12860
12972
12973
13110
13122
13131
13202
13234
13286
13290
13305
13364
13453
13464
13468
13485
13501
13537
13586
13633
13641
13688
13766
13903
13912
13924
14154
14439
14444
14523
14527
14558
14592
14642
14655
14676
14729
14747
14841
14960
14979
15105
15123
15230
15272
15292
15298
15313
15342
15377
15653
15657
15780
15835
15839
15844
15902
15987
16066
16152
16262
16281
16360
16371
16419
16443
16459
16559
16655
16663
16670
16674
16696
16715
16729
16798
16799
16802
16831
16834
16960
16990
17021
17261
17318
17403
17463
17464
17467
17529
17591
17706
17782
17827
17897
17937
17979
18105
18186
18237
18248
18257
18265
18355
18369
18372
18387
18418
18451
18473
18486
18490
18519
18528
18530
18627
18796
18797
18806
18874
18922
18930
19069
19167
19209
19254
19276
19307
19323
19347
19379
19414
19418
19456
19577
19672
19698
19727
19748
19831
19946
20036
20057
20169
20172
20340
20453
20472
20658
20658
20709
20764
20767
20925
20995
21095
21096
21107
21159
21185
21218
21279
21310
21330
21369
21407
21478
21528
21552
21609
21627
21752
21770
21771
21902
21902
21913
21969
22000
22004
22122
22237
22246
22301
22380
22405
22470
22538
22548
22556
22558
22562
22705
22743
22756
22808
22813
22919
22929
22940
22987
23170
23171
23236
23246
23342
23373
23406
23587
23657
23672
23738
23932
24110
24236
24265
24306
24321
24378
24479
24485
24518
24555
24606
24667
24692
24708
24714
24723
24761
24766
24823
24880
25213
25256
25274
25275
25288
25296
25346
25346
25369
25401
25431
25570
25605
25672
25729
25751
25815
25851
25852
26048
26051
26071
26075
26077
26103
26103
26125
26177
26271
26300
26372
26378
26383
26407
26535
26586
26679
26684
26798
26813
26842
26935
26989
26989
27012
27018
27167
27199
27240
27251
27260
27273
27298
27348
27369
27402
27405
27451
27492
27496
27523
27535
27540
27594
27632
27693
27698
27714
27738
27837
27869
27885
27897
27912
27942
27983
27986
28226
28342
28547
28654
28699
28731
28740
28750
28762
28768
28772
28858
28894
28963
28986
28997
29036
29109
29155
29185
29190
29304
29308
29339
29346
29387
29406
29410
29418
29528
29530
29571
29577
29603
29692
29695
29736
29786
29894
29926
29984
29985
29985
29998
30043
30096
30098
30098
30107
30157
30162
30190
30195
30332
30353
30385
30507
30509
30683
30758
30802
30809
30825
30826
30831
30914
31033
31152
31193
31236
31362
31462
31544
31704
31902
31912
31926
32029
32302
